Pressure [dbar],StartTime,scan,timeS,longitude,latitude,depSMignore,t090C,t190C,c0uS/cm,c1S/m,flECO-AFL,CStarAt0,CStarTr0,par,modError,v0,v1,v2,v3,v4,v5,v6,v7,sbeox0V,sbeox1V,sal00,sal11,sigma-�00,sigma-�11,sbeox0Mm/L,sbeox1Mm/L,sbeox0PS,sbeox1PS,flag
51.31100000000001,2019-10-06 22:48:57,4038.0,168.225,-106.85144,16.7858,51.0,24.3367,24.3894,51802.0,5.257383,0.3933,0.101,97.5071,34.774,0.0,2.4306,2.2047,0.0904,0.1171,4.536,0.0,2.5561,0.0,2.4462,2.0312,34.5499,35.0883,23.2039,23.5955,224.47099999999998,177.90599999999998,104.617,83.24799999999999,False
52.317,2019-10-06 22:48:57,4106.0,171.041,-106.85146,16.7858,52.0,23.8163,24.0848,51194.0,5.258439,0.3961,0.0999,97.5329,32.149,0.0,2.4443,2.0651,0.0907,0.1172,4.5372,0.0,2.5221,0.0,2.4428,1.926,34.4947,35.3361,23.3162,23.8739,225.61,169.38299999999998,104.17399999999999,78.957,False
53.323,2019-10-06 22:48:57,4151.0,172.905,-106.85146,16.7858,53.0,23.5182,23.6719,50855.0,5.252835,0.424,0.1017,97.4886,29.901,0.0,2.4486,1.9753,0.0934,0.1171,4.5352,0.0,2.4907,0.0,2.4499,1.8886,34.4687,35.6227,23.3838,24.2132,228.905,166.851,105.13600000000001,77.352,False
54.32899999999999,2019-10-06 22:48:57,4211.0,175.433,-106.85146,16.7858,54.0,23.4199,23.4338,50747.0,5.228855,0.4425,0.098,97.5797,28.098000000000003,0.0,2.4447,1.907,0.0952,0.1172,4.5394,0.0,2.4639,0.0,2.4521,1.864,34.4623,35.6305,23.4076,24.2891,228.44799999999998,167.053,104.742,77.12899999999999,False
55.336000000000006,2019-10-06 22:48:57,4263.0,177.584,-106.85146,16.7858,55.0,23.2998,23.353,50615.0,5.201258,0.45,0.0973,97.5979,26.155,0.0,2.4529,1.8715,0.096,0.1172,4.5403,0.0,2.4328,0.0,2.4433,1.8955,34.455,35.4835,23.4371,24.2012,227.12,176.90400000000002,103.911,81.494,False
56.342,2019-10-06 22:48:57,4295.0,178.93099999999998,-106.85146,16.7858,56.0,23.2304,23.2449,50539.0,5.183113,0.4451,0.0975,97.5935,24.553,0.0,2.4518,1.8622,0.0955,0.1172,4.5401,0.0,2.4055,0.0,2.4408,1.9664,34.4506,35.4308,23.4539,24.1928,227.91299999999998,187.65900000000002,104.145,86.26,False
57.348,2019-10-06 22:48:57,4328.0,180.295,-106.85146,16.7858,57.0,23.1962,23.1807,50502.0,5.152812,0.4534,0.0974,97.5952,22.892,0.0,2.4489,1.8746,0.0964,0.1172,4.5401,0.0,2.3752,0.0,2.437,2.0019,34.4488,35.2489,23.4625,24.0735,228.05700000000002,185.72400000000002,104.148,85.186,False
58.354,2019-10-06 22:48:57,4395.0,183.09900000000002,-106.85146,16.7858,58.0,23.1406,23.1302,50442.0,5.138694999999999,0.4996,0.0978,97.5866,21.085,0.0,2.4395,1.9706,0.101,0.1172,4.5397,0.0,2.3395,0.0,2.4336,1.9578,34.446,35.1803,23.4764,24.0362,226.93,178.22299999999998,103.531,81.641,False
59.361000000000004,2019-10-06 22:48:57,4473.0,186.327,-106.85146,16.7858,59.0,23.0615,23.0714,50360.0,5.124948000000001,0.5073,0.0985,97.5682,19.673,0.0,2.4362,1.9603,0.1017,0.1171,4.5389,0.0,2.3097,0.0,2.4088,1.9727,34.4445,35.1212,23.4981,24.0084,222.78,190.12,101.49600000000001,86.97,False
60.367,2019-10-06 22:48:57,4509.0,187.817,-106.85146,16.7858,60.0,22.9927,22.9878,50292.0,5.107969000000001,0.5232,0.0996,97.5401,18.362000000000002,0.0,2.4291,1.9394,0.1033,0.1172,4.5375,0.0,2.2798,0.0,2.3858,2.0824,34.4455,35.0566,23.5187,23.9836,218.937,205.018,99.626,93.61399999999999,False
61.373000000000005,2019-10-06 22:48:57,4544.0,189.30900000000003,-106.85146,16.7858,61.0,22.9548,22.9272,50261.0,5.087911,0.5518,0.102,97.483,17.066,0.0,2.414,1.9548,0.1062,0.1172,4.5349,0.0,2.2482,0.0,2.356,2.1242,34.4511,34.9498,23.5339,23.9201,214.19799999999998,202.454,97.40799999999999,92.289,False
62.379,2019-10-06 22:48:57,4593.0,191.315,-106.85146,16.7858,62.0,22.9408,22.9108,50269.0,5.077558,0.5993,0.1031,97.4552,15.859000000000002,0.0,2.385,2.0755,0.1109,0.1172,4.5336,0.0,2.2165,0.0,2.2802,2.109,34.4684,34.8827,23.5511,23.8739,199.937,200.06900000000002,90.91,91.14,False
63.386,2019-10-06 22:48:57,4651.0,193.731,-106.85146,16.7858,63.0,22.331,22.5244,49632.0,5.071674,0.7661,0.1124,97.2295,14.69,0.0,2.3289,2.1232,0.1276,0.1172,4.5231,0.0,2.1836,0.0,2.1117,2.1751,34.4548,35.1469,23.7138,24.1848,177.924,218.864,80.016,99.171,False
64.392,2019-10-06 22:48:57,4687.0,195.24900000000002,-106.85146,16.7858,64.0,21.0849,21.274,48319.0,5.012754,1.3305,0.1283,96.8424,13.552,0.0,2.262,2.1034,0.184,0.1172,4.5051,0.0,2.1487,0.0,2.0767,2.2431,34.4133,35.7049,24.0273,24.9585,193.21,222.528,84.973,98.95200000000001,False
65.398,2019-10-06 22:48:57,4715.0,196.40200000000002,-106.85146,16.7858,65.0,20.4545,20.4522,47605.0,4.8664760000000005,1.7789,0.1261,96.8959,12.284,0.0,2.1807,2.1292,0.2289,0.1172,4.5076,0.0,2.1062,0.0,2.068,2.2187,34.3485,35.2094,24.1478,24.8045,190.263,218.299,82.694,95.359,False
66.405,2019-10-06 22:48:57,4745.0,197.68599999999998,-106.85146,16.7858,66.0,20.1679,20.1725,47295.0,4.805715,1.7619,0.1175,97.106,10.912,0.0,2.0876,2.2099,0.2272,0.1172,4.5174,0.0,2.0552,0.0,2.0413,2.1707,34.3294,34.9467,24.2092,24.6787,188.243,209.38,81.37899999999999,90.859,False
67.411,2019-10-06 22:48:57,4819.0,200.747,-106.85146,16.7858,67.0,19.8694,19.8547,47001.0,4.779105,1.6577,0.1055,97.3968,9.5667,0.0,2.0514,2.1831,0.2168,0.1172,4.5309,0.0,1.9988,0.0,1.9958,2.0387,34.3323,34.9927,24.2899,24.7976,183.979,196.334,79.10300000000001,84.723,False
68.417,2019-10-06 22:48:57,4893.0,203.84,-106.85146,16.7858,68.0,19.7521,19.7306,46898.0,4.763806,1.5713,0.1014,97.4963,8.5861,0.0,2.003,2.0473,0.2081,0.1172,4.5355,0.0,1.9523,0.0,1.9344,1.9957,34.3434,34.97,24.3291,24.8128,171.69,199.18099999999998,73.665,85.744,False
69.423,2019-10-06 22:48:57,4935.0,205.56900000000002,-106.85146,16.7858,69.0,19.5681,19.5669,46720.0,4.738439,1.438,0.0969,97.6076,7.8244,0.0,1.9737,2.0007,0.1948,0.1172,4.5407,0.0,1.9125,0.0,1.8605,2.0164,34.348,34.897,24.3803,24.7998,159.496,198.365,68.204,85.102,False
70.43,2019-10-06 22:48:57,4964.0,206.804,-106.85146,16.7858,70.0,19.2986,19.2731,46451.0,4.692221,1.2999,0.0884,97.8149,7.0752,0.0,1.9529,1.9875,0.181,0.1172,4.5503,0.0,1.8693,0.0,1.8053,1.9704,34.3466,34.759,24.4488,24.7703,155.79,185.287,66.28699999999999,78.99600000000001,False
71.436,2019-10-06 22:48:57,4991.0,207.916,-106.85146,16.7858,71.0,19.113,19.0881,46272.0,4.664471,1.1628,0.0837,97.93,6.4034,0.0,1.9127,2.008,0.1673,0.1172,4.5557,0.0,1.8266,0.0,1.7725,1.9088,34.3514,34.6824,24.4999,24.7592,156.658,179.245,66.428,76.12100000000001,False
72.442,2019-10-06 22:48:57,5025.0,209.338,-106.85146,16.78582,72.0,19.0392,19.0073,46203.0,4.653279,1.0498,0.08,98.0206,5.7673,0.0,1.8478,2.0056,0.156,0.1166,4.5599,0.0,1.7817,0.0,1.7575,1.8575,34.3546,34.6561,24.5212,24.7598,159.58,174.487,67.57600000000001,73.97800000000001,False
73.449,2019-10-06 22:48:57,5127.0,213.579,-106.85146999999999,16.78582,73.0,19.0114,18.9287,46184.0,4.659985,1.0624,0.0786,98.0542,5.1548,0.0,1.7496,1.8301,0.1572,0.1164,4.5615,0.0,1.7344,0.0,1.7223,1.7432,34.3613,34.7777,24.5334,24.8727,152.566,162.518,64.575,68.852,False
74.455,2019-10-06 22:48:57,5194.0,216.39,-106.85148000000001,16.78582,74.0,18.8714,18.8411,46051.0,4.646648,0.9969,0.075,98.1423,4.7288,0.0,1.7277,1.7588,0.1507,0.1172,4.5655,0.0,1.6972,0.0,1.6887,1.6959,34.3663,34.7393,24.5728,24.8656,151.01,157.564,63.751999999999995,66.62899999999999,False
75.461,2019-10-06 22:48:57,5243.0,218.429,-106.85148000000001,16.78582,75.0,18.8619,18.8278,46044.0,4.63782,0.9737,0.0747,98.1501,4.2985,0.0,1.6981,1.7226,0.1484,0.1172,4.5659,0.0,1.6567,0.0,1.6733,1.6793,34.3679,34.676,24.5765,24.8206,147.697,156.998,62.343,66.348,False
76.468,2019-10-06 22:48:57,5305.0,221.00099999999998,-106.85148000000001,16.78582,76.0,18.8106,18.7782,46000.0,4.63411,0.98,0.0728,98.1973,3.9489,0.0,1.6819,1.6846,0.149,0.1171,4.5681,0.0,1.6209,0.0,1.6403,1.6611,34.3729,34.6861,24.5933,24.8409,143.141,154.512,60.364,65.241,False
77.47399999999999,2019-10-06 22:48:57,5353.0,222.99400000000003,-106.85148000000001,16.78582,77.0,18.7602,18.7345,45954.0,4.626589,0.9673,0.0725,98.2033,3.6644,0.0,1.6606,1.6735,0.1477,0.1172,4.5684,0.0,1.5891,0.0,1.6168,1.6525,34.3759,34.6593,24.6083,24.8315,139.517,153.892,58.781000000000006,64.916,False
78.48,2019-10-06 22:48:57,5391.0,224.567,-106.85148000000001,16.78582,78.0,18.6636,18.6392,45860.0,4.615238,0.9203,0.0701,98.2624,3.3479,0.0,1.6396,1.66,0.143,0.1172,4.5711,0.0,1.551,0.0,1.5789,1.6385,34.377,34.6436,24.6335,24.8435,128.283,150.686,53.951,63.445,False
79.487,2019-10-06 22:48:57,5426.0,226.05,-106.85148000000001,16.78582,79.0,18.5173,18.5004,45728.0,4.60331,0.8844,0.0673,98.3307,3.0458,0.0,1.6227,1.6544,0.1394,0.1172,4.5743,0.0,1.511,0.0,1.522,1.6141,34.3884,34.6595,24.6789,24.8905,126.262,146.52,52.956,61.537,False
80.493,2019-10-06 22:48:57,5520.0,229.947,-106.85146999999999,16.78582,80.0,18.3996,18.3787,45623.0,4.591422000000001,0.8143,0.0629,98.4391,2.7661,0.0,1.5364,1.6058,0.1324,0.1151,4.5794,0.0,1.4709,0.0,1.4835,1.5493,34.3978,34.6613,24.7154,24.9223,119.89200000000001,139.191,50.18,58.324,False
81.499,2019-10-06 22:48:57,5599.0,233.245,-106.85146,16.78582,81.0,18.1629,18.2101,45411.0,4.585815,0.7813,0.0612,98.4795,2.5306,0.0,1.4983,1.5508,0.1291,0.1171,4.5813,0.0,1.4335,0.0,1.2941,1.5152,34.4157,34.7561,24.7879,25.0368,73.081,136.62,30.456999999999997,57.098,False
82.506,2019-10-06 22:48:57,5633.0,234.673,-106.85146,16.78582,82.0,17.8278,17.8124,45109.0,4.553073,0.7357,0.0556,98.6195,2.3419,0.0,1.4538,1.5381,0.1246,0.1171,4.5878,0.0,1.4012,0.0,1.1477,1.4987,34.4408,34.8149,24.8894,25.1797,60.757,129.745,25.160999999999998,53.84,False
83.512,2019-10-06 22:48:57,5664.0,235.96900000000002,-106.85146,16.78582,83.0,17.7096,17.6841,45016.0,4.528892,0.627,0.0511,98.7315,2.1775,0.0,1.3668,1.5197,0.1137,0.1168,4.593,0.0,1.3708,0.0,1.0732,1.4363,34.4606,34.7167,24.9334,25.1358,63.043,116.211,26.053,48.077,False
84.51799999999999,2019-10-06 22:48:57,5699.0,237.433,-106.85148000000001,16.78582,84.0,17.6307,17.6039,44944.0,4.5190339999999996,0.5806,0.0479,98.8108,2.01,0.0,1.2182,1.5118,0.1091,0.1149,4.5967,0.0,1.3376,0.0,1.0325,1.3531,34.4657,34.7001,24.9564,25.1426,64.059,105.11,26.434,43.413999999999994,False
85.525,2019-10-06 22:48:57,5786.0,241.049,-106.85148000000001,16.78582,85.0,17.5793,17.5579,44900.0,4.517498000000001,0.6177,0.0465,98.8423,1.8442,0.0,1.0284,1.3535,0.1128,0.1148,4.5981,0.0,1.3023,0.0,0.9799,1.1972,34.4713,34.7259,24.9732,25.1735,57.544,87.476,23.724,36.104,False
86.531,2019-10-06 22:48:57,5853.0,243.825,-106.85148000000001,16.78582,86.0,17.425,17.4115,44766.0,4.509279,0.5698,0.0443,98.899,1.7081,0.0,0.9975,1.2258,0.108,0.1148,4.6008,0.0,1.2706,0.0,0.9032,1.1027,34.486,34.7801,25.0217,25.2505,43.95,76.926,18.067,31.671,False
87.538,2019-10-06 22:48:57,5883.0,245.104,-106.85148000000001,16.78582,87.0,17.143,17.1404,44490.0,4.486875,0.5024,0.0421,98.9525,1.5697,0.0,0.9706,1.1793,0.1012,0.1148,4.6033,0.0,1.2359,0.0,0.8689,1.0727,34.4874,34.8193,25.0902,25.3455,42.714,73.311,17.465,30.035,False
88.544,2019-10-06 22:48:57,5944.0,247.62099999999998,-106.85148000000001,16.78582,88.0,16.7989,16.792,44137.0,4.44525,0.46,0.0389,99.0331,1.4375,0.0,0.9017,1.1016,0.097,0.1148,4.607,0.0,1.1998,0.0,0.8515,1.0194,34.475,34.7573,25.1618,25.3803,44.782,66.947,18.184,27.235,False
89.55,2019-10-06 22:48:57,6048.0,251.954,-106.85148000000001,16.78582,89.0,16.4478,16.4935,43795.0,4.439051999999999,0.4305,0.0372,99.0749,1.3476,0.0,0.8495,1.0024,0.094,0.1148,4.609,0.0,1.174,0.0,0.8188,0.9128,34.4769,34.9618,25.2456,25.6076,40.342,49.434,16.273,20.019000000000002,False
90.557,2019-10-06 22:48:57,6072.0,252.95,-106.85148000000001,16.78582,90.0,16.3593,16.3276,43702.0,4.3874629999999994,0.3826,0.0356,99.1123,1.2704,0.0,0.8437,0.9852,0.0892,0.1143,4.6107,0.0,1.1501,0.0,0.8113,0.8802,34.4708,34.6507,25.2614,25.407,40.317,46.976000000000006,16.235,18.926,False
91.56299999999999,2019-10-06 22:48:57,6095.0,253.907,-106.85148000000001,16.78582,91.0,16.323,16.2876,43667.0,4.374838,0.405,0.0348,99.1343,1.1862,0.0,0.8333,0.9599,0.0915,0.1148,4.6117,0.0,1.1225,0.0,0.8058,0.8598,34.4707,34.5735,25.2697,25.3569,40.099000000000004,45.791000000000004,16.136,18.426,False
92.57,2019-10-06 22:48:57,6119.0,254.926,-106.85148000000001,16.78582,92.0,16.2896,16.2533,43636.0,4.371102,0.3433,0.0348,99.1345,1.102,0.0,0.8236,0.9279,0.0853,0.1148,4.6117,0.0,1.0931,0.0,0.8021,0.8448,34.4718,34.5698,25.2783,25.362,40.479,45.216,16.279,18.182000000000002,False
93.57600000000001,2019-10-06 22:48:57,6201.0,258.341,-106.85148000000001,16.78582,93.0,16.2534,16.2119,43600.0,4.366214,0.375,0.0338,99.1591,1.0085,0.0,0.8061,0.8553,0.0885,0.1148,4.6128,0.0,1.0578,0.0,0.7999,0.8257,34.471,34.5621,25.286,25.3656,40.844,44.441,16.414,17.855,False
94.583,2019-10-06 22:48:57,6302.0,262.545,-106.85148000000001,16.78582,94.0,16.0496,16.0071,43393.0,4.346944000000001,0.3548,0.0335,99.1665,0.93332,0.0,0.8001,0.8215,0.0865,0.1147,4.6132,0.0,1.0275,0.0,0.7973,0.816,34.4639,34.5688,25.3273,25.4176,40.016999999999996,43.718,16.017,17.495,False
95.589,2019-10-06 22:48:57,6333.0,263.828,-106.85148000000001,16.78582,95.0,15.862,15.8245,43203.0,4.327098,0.3082,0.0322,99.1981,0.8785200000000001,0.0,0.7995,0.8196,0.0818,0.1148,4.6147,0.0,1.0037,0.0,0.7919,0.8118,34.4575,34.5508,25.365,25.4453,38.729,42.746,15.444,17.043,False
96.595,2019-10-06 22:48:57,6370.0,265.378,-106.85148000000001,16.78584,96.0,15.794,15.7588,43139.0,4.320482,0.3072,0.0319,99.2066,0.82219,0.0,0.7989,0.8178,0.0817,0.1148,4.6151,0.0,0.9779,0.0,0.7848,0.8043,34.4595,34.5487,25.382,25.4586,37.867,41.479,15.081,16.516,False
97.602,2019-10-06 22:48:57,6440.0,268.29200000000003,-106.85148000000001,16.785829999999997,97.0,15.731,15.7026,43082.0,4.314992,0.3112,0.0301,99.2496,0.77294,0.0,0.7884,0.8079,0.0821,0.1147,4.6171,0.0,0.9541,0.0,0.7767,0.7942,34.4628,34.5483,25.3988,25.471,37.393,40.71,14.873,16.192,False
98.60799999999999,2019-10-06 22:48:57,6501.0,270.822,-106.85148000000001,16.78582,98.0,15.7176,15.6826,43070.0,4.313176,0.2894,0.0305,99.2392,0.72927,0.0,0.7788,0.7967,0.08,0.1147,4.6166,0.0,0.9318,0.0,0.7648,0.7856,34.4632,34.5492,25.4021,25.4762,32.891999999999996,38.107,13.08,15.151,False
99.615,2019-10-06 22:48:57,6524.0,271.795,-106.85148000000001,16.78582,99.0,15.5444,15.4982,42903.0,4.297518,0.2834,0.03,99.2527,0.68908,0.0,0.7777,0.7951,0.0794,0.1146,4.6172,0.0,0.9101,0.0,0.7529,0.7747,34.4645,34.5699,25.442,25.5335,31.596999999999998,36.025999999999996,12.522,14.274000000000001,False
100.62100000000001,2019-10-06 22:48:57,6548.0,272.789,-106.85148000000001,16.78582,100.0,15.3717,15.3323,42746.0,4.281582,0.2837,0.0293,99.2697,0.63852,0.0,0.7758,0.7929,0.0794,0.1147,4.618,0.0,0.8812,0.0,0.7446,0.765,34.4742,34.5718,25.488,25.5719,32.135,35.22,12.693,13.909,False
101.62799999999999,2019-10-06 22:48:57,6611.0,275.41900000000004,-106.85148000000001,16.785829999999997,101.0,15.3289,15.2772,42705.0,4.275126,0.2702,0.0276,99.3117,0.5896,0.0,0.7555,0.7744,0.078,0.1148,4.62,0.0,0.8514,0.0,0.7367,0.7532,34.4742,34.5616,25.4975,25.5763,31.266,34.484,12.339,13.602,False
102.634,2019-10-06 22:48:57,6695.0,278.905,-106.85148000000001,16.78584,102.0,15.233,15.2008,42626.0,4.268862,0.365,0.0277,99.3105,0.55667,0.0,0.7405,0.7541,0.0875,0.1148,4.6199,0.0,0.8303,0.0,0.7086,0.7315,34.4865,34.5718,25.5282,25.6011,23.271,29.269000000000002,9.167,11.527999999999999,False
103.641,2019-10-06 22:48:57,6716.0,279.811,-106.85148000000001,16.78584,103.0,15.2391,15.2064,42647.0,4.270569,0.4481,0.0263,99.3439,0.5229699999999999,0.0,0.7366,0.752,0.0958,0.1146,4.6215,0.0,0.8073,0.0,0.6899,0.717,34.4996,34.582,25.537,25.6077,18.598,25.877,7.327999999999999,10.193999999999999,False
104.647,2019-10-06 22:48:57,6736.0,280.622,-106.85148000000001,16.78584,104.0,15.2481,15.2149,42670.0,4.272891,0.2278,0.0264,99.3432,0.48777,0.0,0.7308,0.7482,0.0738,0.1147,4.6214,0.0,0.782,0.0,0.6703,0.7001,34.5129,34.5951,25.5453,25.616,15.492,22.49,6.105,8.862,False
105.654,2019-10-06 22:48:57,6757.0,281.506,-106.85148000000001,16.785829999999997,105.0,15.2271,15.1928,42676.0,4.273541000000001,0.2338,0.028,99.3028,0.45675,0.0,0.721,0.7416,0.0744,0.1148,4.6195,0.0,0.7584,0.0,0.6506,0.6804,34.5362,34.6201,25.5679,25.6402,13.94,19.721,5.492999999999999,7.769,False
106.66,2019-10-06 22:48:57,6785.0,282.663,-106.85148000000001,16.78582,106.0,15.2229,15.1894,42698.0,4.2756870000000005,0.2238,0.0253,99.3681,0.42727,0.0,0.7035,0.7276,0.0734,0.1147,4.6226,0.0,0.7347,0.0,0.6319,0.6584,34.5591,34.6421,25.5865,25.6579,14.494000000000002,18.055999999999997,5.711,7.1129999999999995,False
107.666,2019-10-06 22:48:57,6861.0,285.839,-106.85148000000001,16.78582,107.0,15.2063,15.1763,42691.0,4.2751470000000005,0.2022,0.0257,99.3599,0.39065,0.0,0.6424,0.669,0.0712,0.1146,4.6222,0.0,0.7034,0.0,0.616,0.6373,34.5669,34.6484,25.5963,25.6657,14.856,17.711,5.852,6.976,False
108.67299999999999,2019-10-06 22:48:57,6929.0,288.677,-106.85148000000001,16.78582,108.0,15.131,15.091,42633.0,4.2694790000000005,0.1862,0.025,99.3762,0.36202,0.0,0.621,0.6427,0.0696,0.1146,4.6229,0.0,0.6772,0.0,0.599,0.6202,34.5806,34.6721,25.6234,25.7028,10.659,14.436,4.1930000000000005,5.678,False
109.68,2019-10-06 22:48:57,6959.0,289.921,-106.85148000000001,16.785829999999997,109.0,14.9819,14.9454,42493.0,4.255628,0.1764,0.0246,99.3879,0.34813,0.0,0.6147,0.6365,0.0687,0.1148,4.6235,0.0,0.6639,0.0,0.5817,0.6078,34.5848,34.6749,25.6594,25.7368,5.0969999999999995,10.997,2.0,4.313,False
110.686,2019-10-06 22:48:57,6991.0,291.262,-106.85148000000001,16.78584,110.0,14.893,14.8523,42445.0,4.250765,0.1617,0.0249,99.3781,0.32621999999999995,0.0,0.6062,0.6275,0.0672,0.1148,4.623,0.0,0.6421,0.0,0.5578,0.5849,34.6197,34.7131,25.7057,25.7866,3.176,7.2010000000000005,1.244,2.82,False
111.69200000000001,2019-10-06 22:48:57,7053.0,293.817,-106.85148000000001,16.785829999999997,111.0,14.6288,14.5931,42227.0,4.228969,0.1582,0.0243,99.3938,0.30551,0.0,0.5748,0.6005,0.0668,0.1146,4.6238,0.0,0.6204,0.0,0.5398,0.56,34.6551,34.7444,25.7903,25.8669,4.953,6.392,1.929,2.49,False
112.699,2019-10-06 22:48:57,7117.0,296.48900000000003,-106.85148000000001,16.78582,112.0,14.5698,14.5369,42167.0,4.2228449999999995,0.1495,0.0221,99.4483,0.28733000000000003,0.0,0.5415,0.5638,0.0659,0.1147,4.6264,0.0,0.6005,0.0,0.5384,0.5542,34.6519,34.738,25.8005,25.8741,6.354,7.047999999999999,2.4730000000000003,2.7430000000000003,False
113.705,2019-10-06 22:48:57,7147.0,297.745,-106.85148000000001,16.78582,113.0,14.5383,14.5054,42133.0,4.219444,0.1365,0.0234,99.4159,0.27058000000000004,0.0,0.5388,0.5577,0.0646,0.1148,4.6248,0.0,0.5812,0.0,0.5402,0.5551,34.6486,34.7345,25.8048,25.8782,6.531000000000001,7.33,2.54,2.85,False
114.712,2019-10-06 22:48:57,7171.0,298.753,-106.85148000000001,16.78582,114.0,14.519,14.487,42114.0,4.217546,0.1355,0.024,99.4027,0.24995,0.0,0.5385,0.5555,0.0645,0.1148,4.6242,0.0,0.5562,0.0,0.5412,0.556,34.6476,34.7331,25.8082,25.881,6.3870000000000005,7.336,2.483,2.852,False
115.719,2019-10-06 22:48:57,7195.0,299.769,-106.85148000000001,16.78582,115.0,14.5096,14.4765,42105.0,4.216289,0.1362,0.0242,99.3971,0.23237,0.0,0.5393,0.5554,0.0646,0.1145,4.6239,0.0,0.5338,0.0,0.5407,0.5559,34.6472,34.7306,25.8099,25.8814,5.9239999999999995,7.132000000000001,2.303,2.772,False
116.725,2019-10-06 22:48:57,7251.0,302.068,-106.85148000000001,16.785829999999997,116.0,14.5122,14.4766,42111.0,4.216742,0.1369,0.0235,99.4144,0.21074,0.0,0.5411,0.5563,0.0647,0.1145,4.6248,0.0,0.5043,0.0,0.5394,0.5545,34.6503,34.7343,25.8118,25.8843,5.569,6.766,2.165,2.6289999999999996,False
117.73200000000001,2019-10-06 22:48:57,7338.0,305.707,-106.85148000000001,16.78584,117.0,14.4933,14.4635,42107.0,4.21665,0.1371,0.024,99.4017,0.1958,0.0,0.5408,0.5556,0.0647,0.1145,4.6241,0.0,0.483,0.0,0.531,0.5478,34.6629,34.7447,25.8256,25.8952,3.4930000000000003,5.0760000000000005,1.357,1.972,False
118.738,2019-10-06 22:48:57,7376.0,307.308,-106.85148000000001,16.78584,118.0,14.4247,14.389,42056.0,4.211684,0.1367,0.0241,99.3994,0.18095999999999998,0.0,0.5383,0.5538,0.0647,0.1148,4.624,0.0,0.4606,0.0,0.5267,0.5425,34.6772,34.7654,25.8513,25.9271,3.312,4.58,1.286,1.777,False
119.745,2019-10-06 22:48:57,7406.0,308.538,-106.85148000000001,16.78584,119.0,14.3695,14.336,42006.0,4.206544999999999,0.1371,0.0234,99.417,0.17317000000000002,0.0,0.5341,0.5509,0.0647,0.1147,4.6249,0.0,0.4483,0.0,0.5232,0.5399,34.6805,34.7652,25.8657,25.9382,2.478,4.092,0.961,1.5859999999999999,False
120.751,2019-10-06 22:48:57,7432.0,309.622,-106.85148000000001,16.78584,120.0,14.2892,14.2529,41939.0,4.20014,0.1561,0.0252,99.3728,0.16034,0.0,0.5302,0.5468,0.0666,0.1146,4.6228,0.0,0.4273,0.0,0.5195,0.5362,34.6901,34.7803,25.8903,25.9676,2.0180000000000002,3.3510000000000004,0.7809999999999999,1.297,False
121.758,2019-10-06 22:48:57,7460.0,310.77099999999996,-106.85148000000001,16.78584,121.0,14.2471,14.2136,41911.0,4.197075,0.2167,0.028,99.3033,0.15041,0.0,0.5277,0.5434,0.0727,0.1148,4.6196,0.0,0.4103,0.0,0.5166,0.5324,34.7014,34.7869,25.9079,25.981,2.059,3.063,0.7959999999999999,1.1840000000000002,False
122.764,2019-10-06 22:48:57,7496.0,312.306,-106.85148000000001,16.78584,122.0,14.2029,14.1693,41870.0,4.193003,0.1963,0.0246,99.3855,0.14228,0.0,0.5231,0.5397,0.0706,0.1148,4.6234,0.0,0.3959,0.0,0.5146,0.5298,34.7024,34.7887,25.9181,25.9919,2.0340000000000003,2.9610000000000003,0.7859999999999999,1.1440000000000001,False
123.771,2019-10-06 22:48:57,7557.0,314.825,-106.85148000000001,16.78584,123.0,14.164,14.1314,41839.0,4.189678,0.178,0.0244,99.3906,0.13283,0.0,0.5167,0.5322,0.0688,0.1145,4.6236,0.0,0.3786,0.0,0.5114,0.5261,34.7084,34.7916,25.931,26.0021,1.6269999999999998,2.44,0.628,0.9420000000000001,False
124.777,2019-10-06 22:48:57,7614.0,317.189,-106.85148000000001,16.78584,124.0,14.1508,14.1176,41840.0,4.189836,0.2591,0.0319,99.2045,0.12742,0.0,0.5137,0.5287,0.0769,0.1148,4.615,0.0,0.3683,0.0,0.5095,0.5237,34.7214,34.8051,25.9438,26.0155,1.6219999999999999,2.291,0.626,0.884,False
125.78399999999999,2019-10-06 22:48:57,7662.0,319.203,-106.85148000000001,16.78584,125.0,14.1219,14.0895,41816.0,4.187346,0.3835,0.0372,99.0723,0.1197,0.0,0.5113,0.5258,0.0893,0.1147,4.6089,0.0,0.3533,0.0,0.5084,0.5225,34.7239,34.807,25.9519,26.0229,1.505,2.161,0.581,0.8340000000000001,False
126.791,2019-10-06 22:48:57,7701.0,320.843,-106.85148000000001,16.78584,126.0,14.11,14.077,41806.0,4.186385,0.383,0.0378,99.0591,0.11450999999999999,0.0,0.5104,0.5244,0.0893,0.1149,4.6082,0.0,0.3428,0.0,0.5083,0.5221,34.7258,34.8089,25.9559,26.0271,1.6469999999999998,2.136,0.635,0.8240000000000001,False
127.79700000000001,2019-10-06 22:48:57,7736.0,322.312,-106.85148000000001,16.78584,127.0,14.0853,14.0527,41784.0,4.184267,0.4031,0.0384,99.0432,0.10668,0.0,0.5095,0.5235,0.0913,0.1148,4.6075,0.0,0.3266,0.0,0.5082,0.5215,34.7268,34.8108,25.9619,26.0336,1.57,2.09,0.605,0.8059999999999999,False
128.804,2019-10-06 22:48:57,7770.0,323.721,-106.85148000000001,16.78584,128.0,14.0615,14.0298,41763.0,4.1822,0.4027,0.0381,99.0514,0.09503400000000001,0.0,0.5092,0.5232,0.0913,0.1148,4.6079,0.0,0.3012,0.0,0.5081,0.5212,34.7285,34.8119,25.9683,26.0393,1.61,2.017,0.62,0.777,False
129.81,2019-10-06 22:48:57,7807.0,325.23400000000004,-106.85148000000001,16.78584,129.0,14.0365,14.0044,41741.0,4.179963,0.3825,0.0381,99.0504,0.091698,0.0,0.5092,0.5225,0.0892,0.1148,4.6078,0.0,0.2936,0.0,0.5076,0.5208,34.7297,34.8135,25.9744,26.046,1.357,1.996,0.523,0.769,False
130.817,2019-10-06 22:48:57,7848.0,326.96299999999997,-106.85148000000001,16.78584,130.0,13.9986,13.9659,41706.0,4.176513,0.3796,0.0386,99.0391,0.083341,0.0,0.509,0.5221,0.0889,0.1148,4.6073,0.0,0.2742,0.0,0.5071,0.5205,34.7313,34.8158,25.9837,26.0559,1.4240000000000002,2.0,0.5479999999999999,0.77,False
131.82399999999998,2019-10-06 22:48:57,7892.0,328.80800000000005,-106.85148000000001,16.78584,131.0,13.9688,13.9362,41680.0,4.1739180000000005,0.3802,0.0385,99.0406,0.07624299999999999,0.0,0.5084,0.5217,0.089,0.1149,4.6074,0.0,0.257,0.0,0.507,0.5204,34.734,34.8182,25.992,26.064,1.486,1.96,0.5720000000000001,0.754,False
132.83,2019-10-06 22:48:57,7940.0,330.782,-106.85148000000001,16.78584,132.0,13.909,13.8771,41628.0,4.1689,0.3813,0.0378,99.0583,0.06788999999999999,0.0,0.508,0.5214,0.0891,0.1149,4.6082,0.0,0.2357,0.0,0.5071,0.5204,34.7384,34.8245,26.008,26.0812,1.479,1.976,0.568,0.759,False
133.83700000000002,2019-10-06 22:48:57,7985.0,332.68199999999996,-106.85148000000001,16.78584,133.0,13.7298,13.6961,41466.0,4.153055,0.3601,0.0372,99.0746,0.06439500000000001,0.0,0.508,0.5213,0.087,0.1148,4.609,0.0,0.2266,0.0,0.507,0.5201,34.7491,34.8402,26.0535,26.131,1.464,1.8880000000000001,0.56,0.723,False
134.844,2019-10-06 22:48:57,8027.0,334.397,-106.85148000000001,16.78584,134.0,13.6942,13.662,41433.0,4.149121,0.3197,0.0378,99.0576,0.058188,0.0,0.508,0.5213,0.0829,0.1148,4.6082,0.0,0.2097,0.0,0.507,0.5196,34.7499,34.8339,26.0616,26.1332,1.4769999999999999,1.8359999999999999,0.565,0.7020000000000001,False
135.85,2019-10-06 22:48:57,8066.0,336.06199999999995,-106.85148000000001,16.78584,135.0,13.6846,13.6524,41424.0,4.148257,0.3075,0.0372,99.0751,0.056665,0.0,0.5079,0.5209,0.0817,0.1148,4.609,0.0,0.2055,0.0,0.507,0.5193,34.7504,34.8341,26.0639,26.1354,1.4780000000000002,1.7919999999999998,0.565,0.685,False
136.857,2019-10-06 22:48:57,8107.0,337.73900000000003,-106.85148000000001,16.78584,136.0,13.6573,13.6252,41401.0,4.1459150000000005,0.2906,0.0371,99.0765,0.053711,0.0,0.5079,0.5205,0.0801,0.1148,4.609,0.0,0.1971,0.0,0.507,0.5192,34.7524,34.8365,26.0712,26.1429,1.479,1.831,0.565,0.7,False
137.863,2019-10-06 22:48:57,8152.0,339.62300000000005,-106.85148000000001,16.78584,137.0,13.6345,13.6023,41380.0,4.143816999999999,0.2835,0.038,99.0535,0.044292000000000005,0.0,0.5079,0.5202,0.0794,0.1148,4.608,0.0,0.1694,0.0,0.507,0.5193,34.7537,34.8372,26.0769,26.1482,1.48,1.82,0.565,0.695,False
138.87,2019-10-06 22:48:57,8190.0,341.207,-106.85148000000001,16.78584,138.0,13.6049,13.5725,41354.0,4.141217,0.281,0.038,99.0542,0.040774,0.0,0.5079,0.52,0.0791,0.1148,4.608,0.0,0.1587,0.0,0.507,0.5191,34.7557,34.8395,26.0846,26.1561,1.4280000000000002,1.807,0.546,0.69,False
139.877,2019-10-06 22:48:57,8222.0,342.535,-106.85148000000001,16.78584,139.0,13.5731,13.5405,41325.0,4.138362,0.2641,0.0379,99.0566,0.034006,0.0,0.5079,0.5201,0.0774,0.1148,4.6081,0.0,0.1369,0.0,0.5027,0.5192,34.7567,34.8414,26.092,26.1642,-1.849,1.858,-0.706,0.7090000000000001,False
140.88299999999998,2019-10-06 22:48:57,8258.0,344.041,-106.85148000000001,16.78584,140.0,13.4953,13.4621,41255.0,4.131839,0.2516,0.0381,99.0504,0.031874,0.0,0.5079,0.52,0.0762,0.1148,4.6078,0.0,0.1301,0.0,0.4996,0.5192,34.7616,34.8511,26.1117,26.1878,1.52,1.8130000000000002,0.579,0.691,False
141.89,2019-10-06 22:48:57,8313.0,346.325,-106.85146999999999,16.78584,141.0,13.3622,13.3294,41133.0,4.119286,0.2278,0.04,99.006,0.031020999999999996,0.0,0.5022,0.52,0.0738,0.1148,4.6057,0.0,0.1272,0.0,0.5047,0.5191,34.7665,34.8535,26.1428,26.2168,1.5430000000000001,1.8019999999999998,0.586,0.685,False
142.89700000000002,2019-10-06 22:48:57,8365.0,348.48800000000006,-106.85146,16.78584,142.0,13.2907,13.2587,41067.0,4.112521,0.1905,0.0403,98.999,0.032144,0.0,0.5037,0.5199,0.0701,0.1149,4.6054,0.0,0.1308,0.0,0.5058,0.5187,34.7692,34.8538,26.1593,26.2314,1.3780000000000001,1.6580000000000001,0.523,0.629,False
143.903,2019-10-06 22:48:57,8402.0,350.023,-106.85146999999999,16.78584,143.0,13.2743,13.2424,41052.0,4.110956,0.1775,0.0406,98.9906,0.028942000000000002,0.0,0.5058,0.5199,0.0688,0.1148,4.605,0.0,0.1202,0.0,0.5058,0.5182,34.7698,34.8535,26.1632,26.2345,1.2919999999999998,1.6740000000000002,0.49,0.635,False
144.91,2019-10-06 22:48:57,8435.0,351.436,-106.85148000000001,16.78584,144.0,13.2637,13.2322,41043.0,4.110036,0.1684,0.0408,98.9855,0.021814,0.0,0.5066,0.5196,0.0679,0.1148,4.6048,0.0,0.095,0.0,0.5057,0.5184,34.7704,34.8537,26.1659,26.2368,1.319,1.736,0.5,0.6579999999999999,False
145.917,2019-10-06 22:48:57,8470.0,352.892,-106.85148000000001,16.785829999999997,145.0,13.2583,13.2267,41038.0,4.109543,0.1679,0.0411,98.9769,0.021244,0.0,0.5067,0.5192,0.0678,0.1148,4.6044,0.0,0.0932,0.0,0.5058,0.5182,34.7708,34.8536,26.1672,26.2378,1.2990000000000002,1.639,0.493,0.622,False
146.923,2019-10-06 22:48:57,8509.0,354.50800000000004,-106.85148000000001,16.78582,146.0,13.2516,13.2199,41033.0,4.1089459999999995,0.1689,0.0411,98.977,0.016197,0.0,0.5066,0.5192,0.0679,0.1148,4.6044,0.0,0.0744,0.0,0.5057,0.5181,34.7712,34.8538,26.169,26.2394,1.315,1.663,0.499,0.63,False
147.93,2019-10-06 22:48:57,8557.0,356.50300000000004,-106.85148000000001,16.78582,147.0,13.2456,13.2139,41028.0,4.108446,0.1674,0.0408,98.9859,0.014227000000000002,0.0,0.5067,0.519,0.0678,0.1148,4.6048,0.0,0.067,0.0,0.5058,0.5181,34.7717,34.8542,26.1706,26.2409,1.341,1.679,0.508,0.636,False
148.937,2019-10-06 22:48:57,8600.0,358.273,-106.85146,16.78582,148.0,13.2366,13.205,41021.0,4.107695,0.169,0.0406,98.9891,0.010796,0.0,0.5066,0.5189,0.0679,0.1148,4.605,0.0,0.0536,0.0,0.506,0.5182,34.7725,34.8548,26.1731,26.2432,1.3330000000000002,1.729,0.505,0.655,False
149.944,2019-10-06 22:48:57,8631.0,359.599,-106.85146,16.78582,149.0,13.2066,13.173,40994.0,4.1054059999999994,0.1655,0.0411,98.9769,0.0091323,0.0,0.5066,0.519,0.0676,0.1148,4.6044,0.0,0.047,0.0,0.5058,0.5182,34.7744,34.862,26.1807,26.2553,1.284,1.6669999999999998,0.48700000000000004,0.631,False
150.95,2019-10-06 22:48:57,8670.0,361.215,-106.85146,16.78582,150.0,13.0767,13.044,40874.0,4.093373000000001,0.1406,0.0413,98.9723,0.009506,0.0,0.5068,0.5189,0.0651,0.1148,4.6042,0.0,0.0485,0.0,0.5058,0.518,34.7787,34.8657,26.2102,26.2842,1.329,1.6380000000000001,0.502,0.619,False
151.957,2019-10-06 22:48:57,8734.0,363.86,-106.85146,16.78582,151.0,13.0494,13.0178,40849.0,4.090518,0.1337,0.0415,98.9675,0.0075884,0.0,0.5067,0.5189,0.0644,0.1148,4.604,0.0,0.0408,0.0,0.5057,0.518,34.7793,34.8622,26.2162,26.2867,1.276,1.656,0.48200000000000004,0.625,False
152.964,2019-10-06 22:48:57,8776.0,365.63300000000004,-106.85146,16.78582,152.0,13.0288,12.9973,40830.0,4.088696,0.1262,0.0417,98.9626,0.005910800000000001,0.0,0.5067,0.5187,0.0636,0.1152,4.6037,0.0,0.034,0.0,0.5056,0.5178,34.7801,34.8633,26.221,26.2918,1.324,1.58,0.5,0.597,False
153.97,2019-10-06 22:48:57,8807.0,366.916,-106.85146999999999,16.78582,153.0,13.0229,12.9918,40825.0,4.088155,0.1212,0.0422,98.9497,0.005399899999999999,0.0,0.5066,0.5188,0.0631,0.1165,4.6032,0.0,0.0319,0.0,0.5057,0.5175,34.7802,34.8628,26.2222,26.2925,1.2690000000000001,1.5619999999999998,0.479,0.589,False
154.977,2019-10-06 22:48:57,8836.0,368.13699999999994,-106.85148000000001,16.78582,154.0,13.0189,12.9873,40822.0,4.087772,0.1126,0.0423,98.9481,0.0047888,0.0,0.5065,0.5187,0.0623,0.116,4.6031,0.0,0.0293,0.0,0.5054,0.5177,34.7806,34.8629,26.2233,26.2935,1.214,1.632,0.45799999999999996,0.616,False
155.984,2019-10-06 22:48:57,8865.0,369.32300000000004,-106.85148000000001,16.78582,155.0,13.0112,12.9795,40815.0,4.087129,0.1127,0.0422,98.9499,0.005152899999999999,0.0,0.5066,0.5185,0.0623,0.1159,4.6032,0.0,0.0308,0.0,0.5055,0.5172,34.7805,34.8635,26.2249,26.2955,1.29,1.538,0.48700000000000004,0.58,False
156.991,2019-10-06 22:48:57,8896.0,370.621,-106.85146999999999,16.78582,156.0,12.9914,12.9596,40797.0,4.085426,0.122,0.0425,98.9443,0.004377000000000001,0.0,0.5066,0.5183,0.0632,0.1172,4.6029,0.0,0.0276,0.0,0.5055,0.5175,34.7811,34.8651,26.2294,26.3008,1.3130000000000002,1.594,0.495,0.601,False
157.997,2019-10-06 22:48:57,8956.0,373.12800000000004,-106.85146,16.78582,157.0,12.9601,12.9286,40768.0,4.082409999999999,0.1127,0.0429,98.9332,0.0038031999999999996,0.0,0.5063,0.5183,0.0623,0.1148,4.6024,0.0,0.0252,0.0,0.5052,0.5174,34.7817,34.8644,26.236,26.3065,1.21,1.578,0.456,0.595,False
159.004,2019-10-06 22:48:57,9024.0,375.95599999999996,-106.85146,16.78582,158.0,12.9422,12.9111,40752.0,4.0808349999999995,0.1102,0.0427,98.9377,0.0037071999999999995,0.0,0.5062,0.5183,0.0621,0.1159,4.6026,0.0,0.0248,0.0,0.5053,0.5173,34.7824,34.8651,26.2402,26.3105,1.281,1.574,0.483,0.593,False
160.011,2019-10-06 22:48:57,9068.0,377.809,-106.85146,16.78582,159.0,12.8863,12.8547,40699.0,4.075752,0.104,0.0433,98.9242,0.0033079,0.0,0.506,0.5182,0.0614,0.116,4.602,0.0,0.0232,0.0,0.5052,0.5173,34.783,34.8681,26.2518,26.3241,1.252,1.5430000000000001,0.47100000000000003,0.581,False
161.017,2019-10-06 22:48:57,9099.0,379.088,-106.85146,16.78582,160.0,12.8672,12.8353,40681.0,4.073683,0.1004,0.0433,98.9255,0.0033686,0.0,0.5062,0.5181,0.0611,0.1171,4.602,0.0,0.0234,0.0,0.5054,0.5173,34.7829,34.8659,26.2556,26.3263,1.317,1.6030000000000002,0.496,0.603,False
162.024,2019-10-06 22:48:57,9124.0,380.12699999999995,-106.85146,16.78582,161.0,12.8518,12.8198,40666.0,4.072292,0.096,0.043,98.9318,0.003315,0.0,0.5064,0.5181,0.0606,0.1152,4.6023,0.0,0.0232,0.0,0.5054,0.5174,34.7827,34.8664,26.2585,26.3298,1.219,1.564,0.45899999999999996,0.588,False
163.031,2019-10-06 22:48:57,9146.0,381.045,-106.85146,16.78582,162.0,12.837,12.8054,40652.0,4.070854,0.0935,0.0433,98.9245,0.0033024,0.0,0.5061,0.5183,0.0604,0.1149,4.602,0.0,0.0231,0.0,0.5051,0.5171,34.7828,34.8655,26.2616,26.332,1.189,1.5019999999999998,0.447,0.564,False
164.03799999999998,2019-10-06 22:48:57,9168.0,381.95300000000003,-106.85146,16.78582,163.0,12.7776,12.7434,40595.0,4.065644,0.0935,0.0429,98.9349,0.0033167,0.0,0.5062,0.5179,0.0604,0.1157,4.6025,0.0,0.0232,0.0,0.5054,0.5172,34.782,34.8724,26.2727,26.3497,1.321,1.5330000000000001,0.496,0.575,False
165.044,2019-10-06 22:48:57,9187.0,382.731,-106.85146,16.78582,164.0,12.7542,12.7228,40573.0,4.062975,0.0883,0.0421,98.9538,0.0033161,0.0,0.5064,0.5182,0.0598,0.1169,4.6033,0.0,0.0232,0.0,0.5053,0.517,34.7822,34.8655,26.2776,26.3484,1.271,1.5090000000000001,0.47700000000000004,0.5660000000000001,False
166.051,2019-10-06 22:48:57,9204.0,383.478,-106.85146,16.78582,165.0,12.753,12.7216,40573.0,4.062862,0.0883,0.0417,98.9624,0.0033161,0.0,0.5062,0.5181,0.0598,0.1149,4.6037,0.0,0.0232,0.0,0.5053,0.5171,34.7825,34.8651,26.2781,26.3483,1.161,1.518,0.436,0.57,False
167.058,2019-10-06 22:48:57,9224.0,384.286,-106.85146,16.78582,166.0,12.7234,12.6906,40544.0,4.060326,0.0883,0.0419,98.9571,0.0033161,0.0,0.5063,0.518,0.0598,0.115,4.6035,0.0,0.0232,0.0,0.5051,0.5169,34.7822,34.869,26.2838,26.3575,1.147,1.5119999999999998,0.43,0.5670000000000001,False
168.065,2019-10-06 22:48:57,9248.0,385.298,-106.85146,16.78582,167.0,12.6999,12.6683,40523.0,4.057986,0.0883,0.0419,98.958,0.0033161,0.0,0.5061,0.518,0.0598,0.1163,4.6035,0.0,0.0232,0.0,0.5049,0.5171,34.7829,34.8667,26.2889,26.3602,1.185,1.5419999999999998,0.444,0.578,False
169.072,2019-10-06 22:48:57,9286.0,386.89300000000003,-106.85146,16.78582,168.0,12.6874,12.6562,40512.0,4.056844,0.0809,0.0416,98.966,0.0033161,0.0,0.5061,0.5178,0.0591,0.1164,4.6039,0.0,0.0232,0.0,0.5051,0.5169,34.7832,34.8665,26.2916,26.3625,1.251,1.507,0.469,0.565,False
170.079,2019-10-06 22:48:57,9337.0,389.01300000000003,-106.85146,16.78582,169.0,12.6612,12.6301,40488.0,4.054412,0.0809,0.0416,98.9654,0.0033091,0.0,0.5058,0.5178,0.0591,0.1162,4.6039,0.0,0.0232,0.0,0.5051,0.5169,34.7838,34.8669,26.2973,26.3679,1.304,1.505,0.489,0.564,False
171.085,2019-10-06 22:48:57,9374.0,390.542,-106.85146,16.78582,170.0,12.6487,12.6174,40476.0,4.053184,0.07,0.0411,98.9776,0.0032969,0.0,0.506,0.5177,0.058,0.1148,4.6044,0.0,0.0231,0.0,0.5053,0.5167,34.784,34.8664,26.3,26.37,1.2429999999999999,1.51,0.466,0.5660000000000001,False
172.092,2019-10-06 22:48:57,9399.0,391.56699999999995,-106.85146,16.78582,171.0,12.6372,12.605,40466.0,4.052255000000001,0.0774,0.0411,98.977,0.0033165,0.0,0.5059,0.5178,0.0587,0.116,4.6044,0.0,0.0232,0.0,0.5054,0.5171,34.7842,34.8685,26.3024,26.3741,1.315,1.577,0.493,0.59,False
173.09900000000002,2019-10-06 22:48:57,9418.0,392.36400000000003,-106.85146,16.78582,172.0,12.5876,12.5538,40418.0,4.047744000000001,0.0781,0.0411,98.977,0.0033161,0.0,0.5061,0.5177,0.0588,0.1172,4.6044,0.0,0.0232,0.0,0.5052,0.5169,34.7836,34.8721,26.3117,26.387,1.186,1.484,0.444,0.555,False
174.106,2019-10-06 22:48:57,9434.0,393.039,-106.85146,16.78582,173.0,12.561,12.5286,40393.0,4.04499,0.0761,0.0405,98.9927,0.0033926000000000004,0.0,0.5059,0.5177,0.0586,0.1172,4.6051,0.0,0.0235,0.0,0.5049,0.5169,34.7839,34.8685,26.3172,26.3892,1.2429999999999999,1.524,0.465,0.57,False
175.112,2019-10-06 22:48:57,9449.0,393.66900000000004,-106.85146,16.78582,174.0,12.5434,12.511,40376.0,4.043312,0.0712,0.0399,99.0086,0.0035854999999999997,0.0,0.5064,0.5176,0.0581,0.117,4.6058,0.0,0.0243,0.0,0.5055,0.517,34.7831,34.8683,26.32,26.3925,1.317,1.531,0.49200000000000005,0.573,False
176.11900000000003,2019-10-06 22:48:57,9464.0,394.29,-106.85146,16.78582,175.0,12.5302,12.4983,40364.0,4.042035,0.0639,0.039,99.0294,0.0036039,0.0,0.5059,0.5175,0.0574,0.1172,4.6068,0.0,0.0244,0.0,0.5053,0.5168,34.7835,34.8672,26.323,26.3941,1.1740000000000002,1.507,0.439,0.563,False
177.12599999999998,2019-10-06 22:48:57,9479.0,394.903,-106.85146,16.78582,176.0,12.5153,12.4827,40350.0,4.040723000000001,0.0742,0.04,99.0056,0.0036039,0.0,0.5061,0.5179,0.0584,0.1154,4.6057,0.0,0.0244,0.0,0.5049,0.5169,34.7831,34.8687,26.3256,26.3984,1.1640000000000001,1.517,0.435,0.5670000000000001,False
178.13299999999998,2019-10-06 22:48:57,9494.0,395.525,-106.85146,16.78582,177.0,12.4805,12.4468,40316.0,4.037493,0.0761,0.0401,99.0033,0.0035106,0.0,0.5064,0.5177,0.0586,0.1148,4.6056,0.0,0.024,0.0,0.5051,0.5169,34.7825,34.8703,26.332,26.4067,1.266,1.465,0.47200000000000003,0.547,False
179.14,2019-10-06 22:48:57,9511.0,396.24800000000005,-106.85146,16.78582,178.0,12.4542,12.4222,40292.0,4.0348370000000005,0.0755,0.0395,99.0171,0.0033469000000000003,0.0,0.5059,0.5177,0.0585,0.1148,4.6062,0.0,0.0233,0.0,0.5051,0.5166,34.7829,34.8672,26.3374,26.409,1.262,1.4280000000000002,0.47100000000000003,0.5329999999999999,False
180.14700000000002,2019-10-06 22:48:57,9539.0,397.405,-106.85146,16.78582,179.0,12.409,12.3772,40246.0,4.030444,0.0734,0.0388,99.0341,0.0033189,0.0,0.506,0.5177,0.0583,0.1148,4.607,0.0,0.0232,0.0,0.505,0.5167,34.7802,34.8661,26.3442,26.417,1.161,1.5119999999999998,0.433,0.564,False
181.153,2019-10-06 22:48:57,9595.0,399.754,-106.85146,16.78582,180.0,12.3688,12.3708,40206.0,4.02956,0.0632,0.0384,99.0431,0.0033161,0.0,0.506,0.5175,0.0573,0.1149,4.6075,0.0,0.0232,0.0,0.5049,0.5167,34.7787,34.863,26.3508,26.4159,1.235,1.485,0.46,0.5529999999999999,False
182.16,2019-10-06 22:48:57,9636.0,401.463,-106.85146,16.78582,181.0,12.3468,12.3143,40185.0,4.0239910000000005,0.0639,0.0379,99.0566,0.0032618,0.0,0.5057,0.5176,0.0574,0.1166,4.6081,0.0,0.023,0.0,0.5048,0.5165,34.7778,34.8613,26.3544,26.4255,1.217,1.476,0.45299999999999996,0.55,False
183.167,2019-10-06 22:48:57,9657.0,402.31300000000005,-106.85146,16.78582,182.0,12.3387,12.3074,40177.0,4.023354,0.0639,0.0379,99.0558,0.0030930999999999997,0.0,0.5058,0.5174,0.0574,0.1154,4.6081,0.0,0.0223,0.0,0.5049,0.5169,34.7778,34.8611,26.3559,26.4267,1.208,1.54,0.449,0.573,False
184.174,2019-10-06 22:48:57,9676.0,403.13199999999995,-106.85146,16.78582,183.0,12.3223,12.2906,40161.0,4.021775,0.0639,0.0379,99.0558,0.0029318,0.0,0.5057,0.5175,0.0574,0.1148,4.6081,0.0,0.0216,0.0,0.5049,0.5165,34.7771,34.861,26.3587,26.4299,1.209,1.446,0.45,0.5379999999999999,False
185.18099999999998,2019-10-06 22:48:57,9697.0,404.01599999999996,-106.85146,16.78582,184.0,12.3043,12.2725,40144.0,4.020053,0.0633,0.0378,99.0582,0.0027569,0.0,0.5058,0.5176,0.0573,0.1153,4.6082,0.0,0.0209,0.0,0.5049,0.5167,34.7767,34.8607,26.3619,26.4332,1.252,1.48,0.465,0.55,False
186.188,2019-10-06 22:48:57,9722.0,405.025,-106.85146,16.78582,185.0,12.2702,12.2384,40111.0,4.016826999999999,0.0639,0.0371,99.0775,0.0027435,0.0,0.5058,0.5174,0.0574,0.1166,4.6091,0.0,0.0208,0.0,0.5049,0.5165,34.7759,34.8608,26.3678,26.4399,1.149,1.3969999999999998,0.42700000000000005,0.519,False
187.195,2019-10-06 22:48:57,9757.0,406.505,-106.85146,16.78581,186.0,12.2564,12.2255,40098.0,4.015375,0.0639,0.0369,99.0819,0.0027429999999999998,0.0,0.5058,0.5175,0.0574,0.1162,4.6093,0.0,0.0208,0.0,0.5047,0.5163,34.7758,34.8582,26.3705,26.4404,1.1840000000000002,1.4180000000000001,0.44,0.527,False
188.202,2019-10-06 22:48:57,9798.0,408.222,-106.85146,16.7858,187.0,12.2542,12.2234,40097.0,4.015175,0.0639,0.0372,99.0735,0.0027429999999999998,0.0,0.5058,0.5173,0.0574,0.1148,4.6089,0.0,0.0208,0.0,0.5046,0.5164,34.7764,34.8579,26.3714,26.4406,1.17,1.474,0.435,0.5479999999999999,False
189.208,2019-10-06 22:48:57,9825.0,409.348,-106.85146,16.7858,188.0,12.2524,12.2211,40095.0,4.015016999999999,0.0639,0.0367,99.0863,0.0027429999999999998,0.0,0.5056,0.5172,0.0574,0.1152,4.6095,0.0,0.0208,0.0,0.5046,0.5163,34.7756,34.858,26.3711,26.4411,1.178,1.422,0.43799999999999994,0.528,False
190.215,2019-10-06 22:48:57,9845.0,410.15,-106.85146,16.7858,189.0,12.2266,12.1938,40071.0,4.01283,0.0639,0.0369,99.082,0.0027429999999999998,0.0,0.5056,0.517,0.0574,0.1172,4.6093,0.0,0.0208,0.0,0.5047,0.5164,34.7756,34.8618,26.3761,26.4494,1.178,1.4969999999999999,0.43700000000000006,0.556,False
191.222,2019-10-06 22:48:57,9861.0,410.841,-106.85146,16.7858,190.0,12.2011,12.1689,40046.0,4.010280000000001,0.0632,0.0366,99.0901,0.0027429999999999998,0.0,0.5056,0.5169,0.0573,0.1153,4.6097,0.0,0.0208,0.0,0.5046,0.5164,34.7749,34.8598,26.3805,26.4526,1.172,1.435,0.435,0.532,False
192.229,2019-10-06 22:48:57,9877.0,411.496,-106.85146,16.7858,191.0,12.1781,12.1459,40024.0,4.008113,0.0663,0.036,99.103,0.0027429999999999998,0.0,0.5055,0.5173,0.0576,0.1149,4.6103,0.0,0.0208,0.0,0.5046,0.5163,34.7745,34.8597,26.3847,26.457,1.2,1.389,0.445,0.515,False
193.236,2019-10-06 22:48:57,9893.0,412.15,-106.85146,16.7858,192.0,12.1652,12.1335,40012.0,4.00685,0.0766,0.0356,99.1142,0.0027429999999999998,0.0,0.5056,0.5173,0.0586,0.1149,4.6108,0.0,0.0208,0.0,0.5047,0.5161,34.7746,34.8586,26.3872,26.4585,1.188,1.359,0.441,0.504,False
194.243,2019-10-06 22:48:57,9910.0,412.874,-106.85146,16.7858,193.0,12.1534,12.1221,40001.0,4.0057089999999995,0.0682,0.0349,99.1325,0.0027276,0.0,0.5055,0.517,0.0578,0.1149,4.6116,0.0,0.0207,0.0,0.5046,0.5161,34.7743,34.8577,26.3893,26.4601,1.163,1.345,0.431,0.498,False
195.25,2019-10-06 22:48:57,9935.0,413.904,-106.85146,16.7858,194.0,12.1408,12.1096,39989.0,4.004485,0.0643,0.0349,99.133,0.0026151,0.0,0.5055,0.5172,0.0574,0.1148,4.6116,0.0,0.0202,0.0,0.5046,0.5159,34.7738,34.857,26.3913,26.462,1.1740000000000002,1.385,0.435,0.513,False
196.257,2019-10-06 22:48:57,9998.0,416.522,-106.85146,16.7858,195.0,12.141,12.1085,39989.0,4.004251,0.0639,0.0349,99.1332,0.0023416,0.0,0.5055,0.5168,0.0574,0.1149,4.6116,0.0,0.019,0.0,0.5046,0.5161,34.7734,34.8553,26.3911,26.4609,1.166,1.4080000000000001,0.43200000000000005,0.522,False
197.264,2019-10-06 22:48:57,10048.0,418.61400000000003,-106.85146,16.7858,196.0,12.116,12.0849,39965.0,4.002086,0.0639,0.0352,99.1245,0.0021668000000000004,0.0,0.5055,0.5169,0.0574,0.117,4.6112,0.0,0.0183,0.0,0.5046,0.516,34.7729,34.8559,26.3954,26.4658,1.1909999999999998,1.4140000000000001,0.441,0.524,False
198.271,2019-10-06 22:48:57,10069.0,419.48900000000003,-106.85146,16.7858,197.0,12.0921,12.0599,39941.0,3.999757,0.0639,0.0348,99.1346,0.002173,0.0,0.5055,0.5167,0.0574,0.115,4.6117,0.0,0.0183,0.0,0.5045,0.5161,34.7708,34.8561,26.3985,26.4708,1.151,1.475,0.426,0.546,False
199.278,2019-10-06 22:48:57,10086.0,420.218,-106.85146,16.7858,198.0,12.0589,12.0265,39907.0,3.996609,0.0639,0.0348,99.1345,0.002173,0.0,0.5055,0.517,0.0574,0.115,4.6117,0.0,0.0183,0.0,0.5045,0.5164,34.7685,34.8562,26.403,26.4773,1.163,1.454,0.43,0.5379999999999999,False
200.285,2019-10-06 22:48:57,10103.0,420.89599999999996,-106.85146,16.7858,199.0,12.0163,11.984,39864.0,3.992288,0.0639,0.0348,99.1345,0.002173,0.0,0.5053,0.5166,0.0574,0.1149,4.6117,0.0,0.0183,0.0,0.5045,0.516,34.7661,34.8533,26.4093,26.4832,1.1320000000000001,1.3730000000000002,0.418,0.507,False
201.292,2019-10-06 22:48:57,10119.0,421.582,-106.85146,16.7858,200.0,11.9832,11.9511,39832.0,3.98898,0.0639,0.0348,99.1345,0.002173,0.0,0.5054,0.517,0.0574,0.1169,4.6117,0.0,0.0183,0.0,0.5044,0.5162,34.7648,34.8514,26.4146,26.488,1.115,1.412,0.41200000000000003,0.522,False
202.298,2019-10-06 22:48:57,10137.0,422.325,-106.85146,16.7858,201.0,11.9609,11.9293,39811.0,3.986701,0.0639,0.0345,99.1412,0.002173,0.0,0.5055,0.5166,0.0574,0.116,4.612,0.0,0.0183,0.0,0.5044,0.5161,34.7648,34.8491,26.4189,26.4904,1.0859999999999999,1.3769999999999998,0.401,0.508,False
203.305,2019-10-06 22:48:57,10157.0,423.18,-106.85146,16.7858,202.0,11.9509,11.9202,39802.0,3.9857410000000004,0.0639,0.0336,99.1621,0.002173,0.0,0.5054,0.5171,0.0574,0.1147,4.613,0.0,0.0183,0.0,0.5041,0.5158,34.7647,34.8478,26.4208,26.4911,1.0270000000000001,1.306,0.379,0.48200000000000004,False
204.312,2019-10-06 22:48:57,10182.0,424.18800000000005,-106.85146,16.7858,203.0,11.9457,11.915,39798.0,3.985257,0.0634,0.0337,99.1608,0.002173,0.0,0.5055,0.5169,0.0574,0.1149,4.6129,0.0,0.0183,0.0,0.5041,0.5158,34.7651,34.8475,26.422,26.4919,1.123,1.393,0.414,0.514,False
205.31900000000002,2019-10-06 22:48:57,10209.0,425.32199999999995,-106.85146,16.7858,204.0,11.9422,11.9115,39795.0,3.984939,0.0639,0.0337,99.1608,0.0021116999999999998,0.0,0.5052,0.5169,0.0574,0.1148,4.6129,0.0,0.018,0.0,0.504,0.5159,34.765,34.8472,26.4226,26.4923,1.119,1.358,0.413,0.501,False
206.326,2019-10-06 22:48:57,10236.0,426.474,-106.85146,16.7858,205.0,11.9367,11.9059,39790.0,3.9844760000000004,0.0639,0.0339,99.1571,0.0020517,0.0,0.5051,0.5168,0.0574,0.1149,4.6127,0.0,0.0178,0.0,0.5042,0.5158,34.7654,34.8475,26.424,26.4937,1.071,1.389,0.395,0.513,False
207.333,2019-10-06 22:48:57,10263.0,427.598,-106.85146,16.7858,206.0,11.9301,11.8993,39784.0,3.983879,0.0639,0.0337,99.162,0.0018597000000000002,0.0,0.505,0.5166,0.0574,0.1149,4.613,0.0,0.017,0.0,0.5039,0.5158,34.7652,34.8473,26.4252,26.4948,1.042,1.349,0.385,0.498,False
208.34,2019-10-06 22:48:57,10289.0,428.652,-106.85146,16.7858,207.0,11.9272,11.8967,39782.0,3.983631,0.0639,0.0337,99.1618,0.0017504,0.0,0.505,0.5166,0.0574,0.1148,4.613,0.0,0.0165,0.0,0.504,0.5157,34.7651,34.847,26.4256,26.4951,1.13,1.35,0.41700000000000004,0.498,False
209.347,2019-10-06 22:48:57,10313.0,429.681,-106.85146,16.7858,208.0,11.9265,11.8959,39782.0,3.9836,0.0639,0.0334,99.1688,0.0016937,0.0,0.5051,0.5165,0.0574,0.1148,4.6133,0.0,0.0163,0.0,0.5039,0.5157,34.7656,34.8469,26.4262,26.4952,1.044,1.386,0.385,0.511,False
210.354,2019-10-06 22:48:57,10340.0,430.787,-106.85146,16.7858,209.0,11.9242,11.8937,39780.0,3.9834440000000004,0.0639,0.0337,99.1611,0.0017035,0.0,0.5048,0.5167,0.0574,0.1148,4.6129,0.0,0.0163,0.0,0.504,0.5158,34.7654,34.847,26.4265,26.4957,1.198,1.37,0.442,0.505,False
211.361,2019-10-06 22:48:57,10375.0,432.236,-106.85146,16.7858,210.0,11.9205,11.89,39777.0,3.9831339999999997,0.0639,0.0337,99.1608,0.0016145,0.0,0.5049,0.5166,0.0574,0.1148,4.6129,0.0,0.0159,0.0,0.5042,0.5158,34.7653,34.847,26.4271,26.4964,1.161,1.375,0.428,0.507,False
212.368,2019-10-06 22:48:57,10414.0,433.88300000000004,-106.85146,16.7858,211.0,11.9051,11.8725,39762.0,3.9816849999999997,0.0639,0.0337,99.1608,0.0017087,0.0,0.5048,0.5166,0.0574,0.1148,4.6129,0.0,0.0163,0.0,0.5043,0.5157,34.7651,34.8488,26.4299,26.5012,1.177,1.3459999999999999,0.434,0.496,False
213.375,2019-10-06 22:48:57,10443.0,435.102,-106.85146,16.7858,212.0,11.8663,11.8359,39725.0,3.978162,0.0699,0.0332,99.1736,0.0022126,0.0,0.5051,0.5165,0.058,0.1148,4.6135,0.0,0.0185,0.0,0.5044,0.5157,34.7644,34.8482,26.4367,26.5076,1.182,1.358,0.436,0.5,False
214.382,2019-10-06 22:48:57,10466.0,436.028,-106.85146,16.7858,213.0,11.8503,11.8194,39709.0,3.9764480000000004,0.0716,0.0327,99.1868,0.0019085,0.0,0.505,0.5166,0.0582,0.1148,4.6142,0.0,0.0172,0.0,0.5044,0.5156,34.7635,34.8464,26.4391,26.5094,1.135,1.345,0.418,0.495,False
215.389,2019-10-06 22:48:57,10484.0,436.81199999999995,-106.85146,16.7858,214.0,11.8305,11.7986,39690.0,3.974593,0.0639,0.033,99.1797,0.0016537,0.0,0.5052,0.5166,0.0574,0.1148,4.6138,0.0,0.0161,0.0,0.5044,0.5157,34.7627,34.8474,26.4423,26.5141,1.14,1.3730000000000002,0.42,0.505,False
216.396,2019-10-06 22:48:57,10502.0,437.532,-106.85146,16.7858,215.0,11.8106,11.779,39671.0,3.9726489999999997,0.0639,0.0331,99.1763,0.0016069000000000003,0.0,0.5051,0.5165,0.0574,0.1148,4.6137,0.0,0.0159,0.0,0.5042,0.5157,34.7622,34.8462,26.4457,26.5169,1.05,1.349,0.387,0.496,False
217.403,2019-10-06 22:48:57,10519.0,438.231,-106.85146,16.7858,216.0,11.7921,11.7605,39653.0,3.9708910000000004,0.0639,0.0325,99.1927,0.0016063,0.0,0.5052,0.5165,0.0574,0.1151,4.6145,0.0,0.0159,0.0,0.504,0.5156,34.7618,34.8459,26.4488,26.5201,1.047,1.365,0.385,0.502,False
218.41,2019-10-06 22:48:57,10537.0,438.983,-106.85146,16.7858,217.0,11.7779,11.7471,39640.0,3.969475,0.0639,0.0316,99.2123,0.0016063,0.0,0.5052,0.5166,0.0574,0.1149,4.6154,0.0,0.0159,0.0,0.5042,0.5158,34.7617,34.8441,26.4515,26.5213,1.123,1.347,0.413,0.495,False
219.417,2019-10-06 22:48:57,10558.0,439.875,-106.85146,16.78581,218.0,11.7736,11.743,39636.0,3.9690410000000003,0.0639,0.0315,99.2166,0.0016063,0.0,0.5051,0.5164,0.0574,0.1149,4.6155,0.0,0.0159,0.0,0.5039,0.5155,34.7613,34.8433,26.4519,26.5215,1.054,1.334,0.38799999999999996,0.491,False
220.424,2019-10-06 22:48:57,10589.0,441.176,-106.85146,16.78582,219.0,11.7704,11.7401,39633.0,3.9687769999999998,0.0639,0.0312,99.2232,0.0016063,0.0,0.5051,0.5165,0.0574,0.1163,4.6159,0.0,0.0159,0.0,0.504,0.5157,34.7612,34.843,26.4525,26.5218,1.1059999999999999,1.361,0.406,0.501,False
221.43099999999998,2019-10-06 22:48:57,10634.0,443.061,-106.85146,16.78582,220.0,11.7612,11.7304,39625.0,3.967964,0.0735,0.031,99.2269,0.0016063,0.0,0.5049,0.5164,0.0583,0.1146,4.616,0.0,0.0159,0.0,0.504,0.5155,34.7614,34.8436,26.4545,26.5241,1.057,1.314,0.389,0.483,False
222.438,2019-10-06 22:48:57,10669.0,444.494,-106.85146,16.78582,221.0,11.7447,11.7141,39609.0,3.966354,0.0637,0.0308,99.2321,0.0016063,0.0,0.5049,0.5165,0.0574,0.1157,4.6163,0.0,0.0159,0.0,0.5039,0.5155,34.7608,34.8427,26.4571,26.5265,1.048,1.34,0.385,0.49200000000000005,False
223.446,2019-10-06 22:48:57,10701.0,445.833,-106.85146,16.78582,222.0,11.7327,11.7022,39597.0,3.9651739999999998,0.0639,0.0312,99.2226,0.0016063,0.0,0.5049,0.5163,0.0574,0.1158,4.6158,0.0,0.0159,0.0,0.5036,0.5155,34.76,34.8419,26.4587,26.5281,1.018,1.364,0.374,0.501,False
224.453,2019-10-06 22:48:57,10730.0,447.05199999999996,-106.85146,16.78582,223.0,11.73,11.6997,39595.0,3.964924,0.0639,0.0312,99.2217,0.0017066,0.0,0.5046,0.5164,0.0574,0.1149,4.6158,0.0,0.0163,0.0,0.5037,0.5157,34.76,34.8413,26.4592,26.5281,1.061,1.33,0.39,0.489,False
225.46,2019-10-06 22:48:57,10757.0,448.165,-106.85146,16.78582,224.0,11.7275,11.6972,39593.0,3.964747,0.0639,0.031,99.228,0.0016064,0.0,0.5049,0.5163,0.0574,0.1148,4.6161,0.0,0.0159,0.0,0.5038,0.5154,34.7597,34.8415,26.4595,26.5288,1.104,1.2890000000000001,0.406,0.474,False
226.467,2019-10-06 22:48:57,10781.0,449.16900000000004,-106.85146,16.78582,225.0,11.7238,11.6932,39590.0,3.9644199999999996,0.0639,0.0305,99.2395,0.0016063,0.0,0.5044,0.5164,0.0574,0.1149,4.6166,0.0,0.0159,0.0,0.5037,0.5155,34.7596,34.8415,26.4602,26.5296,0.973,1.301,0.35700000000000004,0.478,False
227.47400000000002,2019-10-06 22:48:57,10805.0,450.176,-106.85146,16.78582,226.0,11.7205,11.6901,39588.0,3.9641370000000005,0.0639,0.0305,99.2395,0.0016063,0.0,0.5046,0.5164,0.0574,0.1148,4.6166,0.0,0.0159,0.0,0.5035,0.5152,34.7602,34.8412,26.4613,26.53,1.06,1.3019999999999998,0.389,0.478,False
228.481,2019-10-06 22:48:57,10834.0,451.38300000000004,-106.85146,16.78582,227.0,11.7186,11.6881,39586.0,3.964002,0.0639,0.0305,99.2395,0.0016063,0.0,0.5046,0.5162,0.0574,0.1164,4.6166,0.0,0.0159,0.0,0.5039,0.5154,34.7603,34.8414,26.4618,26.5305,1.183,1.391,0.435,0.511,False
229.488,2019-10-06 22:48:57,10871.0,452.917,-106.85145,16.78582,228.0,11.7054,11.674,39574.0,3.962846,0.0639,0.0312,99.223,0.0015894,0.0,0.5045,0.5161,0.0574,0.1148,4.6158,0.0,0.0158,0.0,0.5038,0.5156,34.7599,34.8428,26.4639,26.5343,1.091,1.286,0.401,0.47200000000000003,False
230.495,2019-10-06 22:48:57,10900.0,454.144,-106.85144,16.78582,229.0,11.6277,11.5942,39495.0,3.955401,0.0639,0.0308,99.2323,0.0015836,0.0,0.5045,0.5162,0.0574,0.1148,4.6163,0.0,0.0158,0.0,0.5039,0.5154,34.7549,34.8441,26.4746,26.5503,1.012,1.3359999999999999,0.371,0.49,False
231.502,2019-10-06 22:48:57,10923.0,455.075,-106.85144,16.78582,230.0,11.5958,11.5657,39463.0,3.951913,0.0639,0.03,99.2531,0.0015661,0.0,0.5049,0.5163,0.0574,0.1155,4.6172,0.0,0.0157,0.0,0.5037,0.5155,34.7527,34.8361,26.4789,26.5494,1.0290000000000001,1.3319999999999999,0.377,0.488,False
232.50900000000001,2019-10-06 22:48:57,10944.0,455.969,-106.85144,16.78582,231.0,11.5789,11.5492,39446.0,3.9502589999999995,0.0639,0.0295,99.2657,0.0014154999999999999,0.0,0.5047,0.5165,0.0574,0.1169,4.6178,0.0,0.0151,0.0,0.5036,0.5152,34.7515,34.8349,26.4811,26.5515,0.9740000000000001,1.239,0.35700000000000004,0.45399999999999996,False
233.516,2019-10-06 22:48:57,10968.0,456.962,-106.85144,16.78582,232.0,11.5673,11.5376,39435.0,3.949148,0.0639,0.0295,99.2658,0.0015175999999999998,0.0,0.5048,0.5162,0.0574,0.1149,4.6178,0.0,0.0155,0.0,0.5036,0.5152,34.751,34.8344,26.4829,26.5533,1.002,1.291,0.36700000000000005,0.473,False
234.523,2019-10-06 22:48:57,11009.0,458.67400000000004,-106.85144,16.78582,233.0,11.5615,11.5317,39430.0,3.9484190000000003,0.0639,0.0292,99.273,0.0012936,0.0,0.5046,0.5162,0.0574,0.1153,4.6181,0.0,0.0146,0.0,0.5034,0.5151,34.7507,34.8324,26.4838,26.5529,1.012,1.232,0.37,0.451,False
235.53099999999998,2019-10-06 22:48:57,11067.0,461.083,-106.85144,16.78582,234.0,11.5602,11.5299,39429.0,3.9482510000000004,0.0639,0.0293,99.2701,0.0012106,0.0,0.5044,0.516,0.0574,0.117,4.618,0.0,0.0142,0.0,0.5034,0.5149,34.7511,34.832,26.4843,26.5529,1.038,1.291,0.38,0.473,False
236.53799999999998,2019-10-06 22:48:57,11097.0,462.31300000000005,-106.85144,16.78582,235.0,11.5597,11.5294,39429.0,3.948283,0.0639,0.029,99.2778,0.0011366,0.0,0.5043,0.5158,0.0574,0.1149,4.6184,0.0,0.0138,0.0,0.5035,0.5151,34.7507,34.8323,26.4842,26.5532,1.0490000000000002,1.2690000000000001,0.384,0.46399999999999997,False
237.545,2019-10-06 22:48:57,11118.0,463.194,-106.85144,16.7858,236.0,11.5571,11.5266,39426.0,3.948056,0.0639,0.0295,99.2657,0.0014834000000000002,0.0,0.5043,0.5156,0.0574,0.1148,4.6178,0.0,0.0154,0.0,0.5035,0.515,34.7504,34.8322,26.4844,26.5537,1.011,1.224,0.37,0.44799999999999995,False
238.55200000000002,2019-10-06 22:48:57,11136.0,463.94800000000004,-106.85144,16.7858,237.0,11.5556,11.5254,39426.0,3.947947,0.0632,0.0295,99.2658,0.0013059,0.0,0.5043,0.5158,0.0573,0.1164,4.6178,0.0,0.0146,0.0,0.5034,0.5149,34.7509,34.8318,26.4851,26.5537,1.024,1.252,0.375,0.45799999999999996,False
239.55900000000003,2019-10-06 22:48:57,11153.0,464.667,-106.85144,16.7858,238.0,11.5559,11.5259,39427.0,3.9480169999999997,0.0639,0.0295,99.2658,0.0011419,0.0,0.5044,0.5157,0.0574,0.1171,4.6178,0.0,0.0139,0.0,0.5035,0.515,34.7511,34.8317,26.4852,26.5535,1.077,1.2309999999999999,0.39399999999999996,0.451,False
240.56599999999997,2019-10-06 22:48:57,11171.0,465.42400000000004,-106.85144,16.7858,239.0,11.5562,11.5263,39427.0,3.948119,0.0639,0.0295,99.2658,0.0010446,0.0,0.5043,0.5159,0.0574,0.1172,4.6178,0.0,0.0134,0.0,0.5035,0.5147,34.7509,34.8319,26.4851,26.5536,1.0979999999999999,1.22,0.402,0.447,False
241.57299999999998,2019-10-06 22:48:57,11193.0,466.325,-106.85144,16.7858,240.0,11.5557,11.5256,39427.0,3.948111,0.0747,0.0295,99.2658,0.0010428,0.0,0.5044,0.5159,0.0585,0.1149,4.6178,0.0,0.0134,0.0,0.5037,0.5149,34.7507,34.8319,26.4851,26.5538,1.1340000000000001,1.226,0.415,0.449,False
242.58,2019-10-06 22:48:57,11224.0,467.615,-106.85144,16.78581,241.0,11.5541,11.5238,39426.0,3.947975,0.0669,0.0291,99.2742,0.0010428,0.0,0.5043,0.5157,0.0577,0.1149,4.6182,0.0,0.0134,0.0,0.5036,0.5148,34.7505,34.8319,26.4852,26.5541,1.0090000000000001,1.278,0.369,0.46799999999999997,False
243.588,2019-10-06 22:48:57,11269.0,469.51300000000003,-106.85144,16.78582,242.0,11.547,11.5166,39419.0,3.9473089999999997,0.0698,0.0295,99.2656,0.0010428,0.0,0.5045,0.5157,0.058,0.1148,4.6178,0.0,0.0134,0.0,0.5035,0.5149,34.7502,34.8317,26.4863,26.5553,1.026,1.255,0.375,0.45899999999999996,False
244.595,2019-10-06 22:48:57,11312.0,471.306,-106.85144,16.78582,243.0,11.532,11.501,39405.0,3.945796,0.0694,0.0295,99.2658,0.0010428,0.0,0.5044,0.5157,0.0579,0.1162,4.6178,0.0,0.0134,0.0,0.5035,0.5148,34.7495,34.8309,26.4885,26.5577,1.038,1.18,0.38,0.43200000000000005,False
245.602,2019-10-06 22:48:57,11340.0,472.46,-106.85144,16.78582,244.0,11.5212,11.4925,39394.0,3.9450089999999998,0.0638,0.0295,99.2658,0.0010428,0.0,0.5043,0.5156,0.0574,0.1156,4.6178,0.0,0.0134,0.0,0.5035,0.5148,34.7489,34.8307,26.4901,26.5591,1.0390000000000001,1.248,0.38,0.456,False
246.609,2019-10-06 22:48:57,11362.0,473.39099999999996,-106.85144,16.78582,245.0,11.5133,11.4825,39387.0,3.9440440000000003,0.0639,0.0286,99.288,0.0010428,0.0,0.5043,0.5158,0.0574,0.1149,4.6188,0.0,0.0134,0.0,0.5035,0.5147,34.7486,34.8302,26.4914,26.5606,1.0390000000000001,1.181,0.38,0.43200000000000005,False
247.61599999999999,2019-10-06 22:48:57,11383.0,474.269,-106.85144,16.7858,246.0,11.5066,11.4762,39380.0,3.943429,0.0639,0.0295,99.2653,0.0010428,0.0,0.5043,0.5158,0.0574,0.1149,4.6178,0.0,0.0134,0.0,0.5035,0.5147,34.748,34.8296,26.4922,26.5613,1.0390000000000001,1.215,0.38,0.444,False
248.623,2019-10-06 22:48:57,11406.0,475.214,-106.85144,16.7858,247.0,11.4988,11.4675,39373.0,3.9425830000000004,0.0639,0.029,99.2787,0.0010428,0.0,0.5043,0.5155,0.0574,0.115,4.6184,0.0,0.0134,0.0,0.5035,0.5149,34.7477,34.829,26.4934,26.5625,1.04,1.287,0.38,0.47,False
249.63099999999997,2019-10-06 22:48:57,11434.0,476.356,-106.85144,16.7858,248.0,11.4938,11.4636,39368.0,3.942175,0.0639,0.0287,99.2845,0.0010428,0.0,0.5043,0.5157,0.0574,0.1157,4.6187,0.0,0.0134,0.0,0.5035,0.5148,34.7473,34.8283,26.4941,26.5626,1.04,1.235,0.38,0.451,False
250.638,2019-10-06 22:48:57,11466.0,477.71,-106.85144,16.7858,249.0,11.487,11.4566,39362.0,3.941557,0.0639,0.0291,99.2753,0.0010172,0.0,0.5043,0.5155,0.0574,0.1157,4.6182,0.0,0.0133,0.0,0.5035,0.5149,34.7469,34.8282,26.495,26.5639,1.04,1.237,0.38,0.452,False
251.645,2019-10-06 22:48:57,11497.0,479.006,-106.85144,16.7858,250.0,11.4755,11.4451,39351.0,3.940472,0.0639,0.0287,99.2848,0.0009846,0.0,0.5043,0.5156,0.0574,0.1148,4.6187,0.0,0.0132,0.0,0.5035,0.5148,34.7463,34.828,26.4967,26.5658,1.041,1.216,0.38,0.444,False
252.65200000000002,2019-10-06 22:48:57,11525.0,480.15,-106.85144,16.7858,251.0,11.4634,11.4322,39339.0,3.9391830000000003,0.0743,0.0291,99.2758,0.00094552,0.0,0.5043,0.5155,0.0584,0.117,4.6183,0.0,0.013,0.0,0.5035,0.5146,34.7457,34.8269,26.4985,26.5675,1.041,1.206,0.38,0.44,False
253.65900000000002,2019-10-06 22:48:57,11550.0,481.219,-106.85144,16.7858,252.0,11.4549,11.424,39331.0,3.938386,0.0645,0.0287,99.2849,0.00095635,0.0,0.5043,0.5158,0.0575,0.115,4.6187,0.0,0.013,0.0,0.5035,0.5149,34.7449,34.8263,26.4995,26.5685,1.047,1.31,0.382,0.478,False
254.666,2019-10-06 22:48:57,11578.0,482.37800000000004,-106.85144,16.7858,253.0,11.4485,11.4178,39325.0,3.9377730000000004,0.0643,0.0284,99.2919,0.00082036,0.0,0.5043,0.5156,0.0574,0.117,4.619,0.0,0.0124,0.0,0.5035,0.5149,34.7446,34.8257,26.5004,26.5692,1.054,1.198,0.385,0.43700000000000006,False
255.674,2019-10-06 22:48:57,11609.0,483.67199999999997,-106.85144,16.7858,254.0,11.4313,11.4001,39307.0,3.9361230000000003,0.0722,0.0291,99.2741,0.00077103,0.0,0.5043,0.5154,0.0582,0.1165,4.6182,0.0,0.0122,0.0,0.5035,0.5146,34.7426,34.8256,26.5021,26.5724,1.031,1.187,0.376,0.433,False
256.681,2019-10-06 22:48:57,11638.0,484.889,-106.85144,16.7858,255.0,11.4133,11.3829,39289.0,3.934301,0.0637,0.0293,99.2697,0.00073973,0.0,0.5043,0.5158,0.0574,0.1148,4.618,0.0,0.0121,0.0,0.5035,0.5147,34.7413,34.8233,26.5044,26.5738,1.043,1.27,0.381,0.46299999999999997,False
257.688,2019-10-06 22:48:57,11664.0,485.975,-106.85144,16.7858,256.0,11.4056,11.3752,39281.0,3.933561,0.0639,0.0284,99.2909,0.00074064,0.0,0.5043,0.5156,0.0574,0.1159,4.619,0.0,0.0121,0.0,0.5035,0.5147,34.7408,34.8228,26.5054,26.5749,1.043,1.212,0.381,0.442,False
258.695,2019-10-06 22:48:57,11689.0,487.01300000000003,-106.85144,16.7858,257.0,11.3956,11.3652,39272.0,3.932586,0.0639,0.0284,99.292,0.00068101,0.0,0.5043,0.5154,0.0574,0.1171,4.619,0.0,0.0119,0.0,0.5035,0.5146,34.7401,34.8222,26.5068,26.5763,1.044,1.156,0.381,0.42100000000000004,False
259.703,2019-10-06 22:48:57,11716.0,488.14099999999996,-106.85144,16.7858,258.0,11.3882,11.3579,39265.0,3.931863,0.0635,0.0284,99.292,0.00059272,0.0,0.5043,0.5155,0.0574,0.1172,4.619,0.0,0.0115,0.0,0.5035,0.5146,34.7396,34.8214,26.5078,26.577,1.044,1.212,0.381,0.442,False
260.71,2019-10-06 22:48:57,11748.0,489.463,-106.85144,16.7858,259.0,11.3808,11.3506,39257.0,3.931157,0.0639,0.0284,99.292,0.00048195,0.0,0.5043,0.5155,0.0574,0.1172,4.619,0.0,0.011,0.0,0.5035,0.5146,34.739,34.8209,26.5087,26.578,1.044,1.189,0.381,0.434,False
261.717,2019-10-06 22:48:57,11778.0,490.713,-106.85144,16.7858,260.0,11.3697,11.3393,39247.0,3.930077,0.0736,0.0285,99.2902,0.00051141,0.0,0.5043,0.5154,0.0584,0.1152,4.6189,0.0,0.0111,0.0,0.5035,0.5145,34.7383,34.8204,26.5102,26.5798,1.045,1.212,0.381,0.442,False
262.724,2019-10-06 22:48:57,11803.0,491.764,-106.85144,16.7858,261.0,11.365,11.335,39243.0,3.9296279999999997,0.0647,0.0284,99.292,0.00075587,0.0,0.5043,0.5154,0.0575,0.117,4.619,0.0,0.0122,0.0,0.5035,0.5146,34.7383,34.8197,26.5111,26.58,1.045,1.26,0.381,0.45899999999999996,False
263.732,2019-10-06 22:48:57,11826.0,492.69800000000004,-106.85144,16.7858,262.0,11.3615,11.3312,39240.0,3.929327,0.0639,0.0284,99.292,0.00083614,0.0,0.5043,0.5154,0.0574,0.1171,4.619,0.0,0.0125,0.0,0.5035,0.5148,34.7388,34.8198,26.5121,26.5807,1.045,1.2429999999999999,0.381,0.45299999999999996,False
264.73900000000003,2019-10-06 22:48:57,11849.0,493.658,-106.85144,16.7858,263.0,11.3375,11.3038,39215.0,3.927058,0.0639,0.0284,99.292,0.00083252,0.0,0.5043,0.5154,0.0574,0.1171,4.619,0.0,0.0125,0.0,0.5035,0.5147,34.7364,34.8227,26.5147,26.5881,1.046,1.244,0.381,0.45299999999999996,False
265.746,2019-10-06 22:48:57,11876.0,494.79,-106.85144,16.7858,264.0,11.2752,11.243,39153.0,3.920756,0.0639,0.0283,99.2944,0.00086062,0.0,0.5043,0.5154,0.0574,0.1172,4.6191,0.0,0.0126,0.0,0.5035,0.5147,34.7324,34.8171,26.5231,26.5949,1.048,1.227,0.381,0.446,False
266.754,2019-10-06 22:48:57,11916.0,496.44199999999995,-106.85144,16.7858,265.0,11.2457,11.216,39123.0,3.9177449999999996,0.0639,0.028,99.3036,0.00070681,0.0,0.5043,0.5155,0.0574,0.1164,4.6196,0.0,0.012,0.0,0.5035,0.5147,34.7302,34.8123,26.5268,26.5961,1.048,1.228,0.381,0.447,False
267.76099999999997,2019-10-06 22:48:57,11954.0,498.051,-106.85144,16.7858,266.0,11.2317,11.2021,39109.0,3.9163870000000003,0.0639,0.0281,99.2994,0.00074606,0.0,0.5043,0.5156,0.0574,0.1148,4.6194,0.0,0.0121,0.0,0.5035,0.5146,34.7291,34.8115,26.5285,26.5981,1.0490000000000002,1.168,0.381,0.425,False
268.768,2019-10-06 22:48:57,11979.0,499.093,-106.85144,16.7858,267.0,11.2242,11.1947,39102.0,3.915601,0.0639,0.0274,99.3176,0.00072344,0.0,0.5043,0.5156,0.0574,0.1149,4.6203,0.0,0.012,0.0,0.5035,0.5145,34.7286,34.8103,26.5295,26.5984,1.0490000000000002,1.193,0.381,0.433,False
269.775,2019-10-06 22:48:57,11999.0,499.917,-106.85144,16.7858,268.0,11.2217,11.192,39099.0,3.915368,0.0639,0.0274,99.3183,0.00074719,0.0,0.5043,0.5154,0.0574,0.1149,4.6203,0.0,0.0121,0.0,0.5035,0.5145,34.7283,34.8101,26.5298,26.5988,1.0490000000000002,1.206,0.381,0.43799999999999994,False
270.783,2019-10-06 22:48:57,12017.0,500.658,-106.85144,16.7858,269.0,11.2197,11.1894,39099.0,3.91517,0.0639,0.0274,99.3183,0.00076242,0.0,0.5043,0.5156,0.0574,0.1151,4.6203,0.0,0.0122,0.0,0.5035,0.5146,34.7289,34.8101,26.5306,26.5994,1.05,1.215,0.381,0.441,False
271.79,2019-10-06 22:48:57,12035.0,501.402,-106.85144,16.7858,270.0,11.2162,11.1867,39096.0,3.914967,0.0639,0.0274,99.3183,0.00086352,0.0,0.5043,0.5154,0.0574,0.1172,4.6203,0.0,0.0126,0.0,0.5035,0.5146,34.729,34.8102,26.5313,26.6,1.05,1.225,0.381,0.445,False
272.797,2019-10-06 22:48:57,12055.0,502.241,-106.85144,16.7858,271.0,11.2128,11.1828,39093.0,3.914589,0.0639,0.0274,99.3172,0.00080264,0.0,0.5043,0.5153,0.0574,0.1172,4.6202,0.0,0.0124,0.0,0.5035,0.5146,34.7287,34.8097,26.5317,26.6003,1.05,1.218,0.381,0.442,False
273.80400000000003,2019-10-06 22:48:57,12081.0,503.32,-106.85144,16.7858,272.0,11.2108,11.181,39091.0,3.914471,0.0723,0.0278,99.307,0.00071822,0.0,0.5043,0.5153,0.0582,0.1155,4.6197,0.0,0.012,0.0,0.5035,0.5145,34.7283,34.8098,26.5318,26.6007,1.05,1.18,0.382,0.429,False
274.812,2019-10-06 22:48:57,12119.0,504.935,-106.85144,16.7858,273.0,11.2073,11.1773,39088.0,3.9141230000000005,0.0648,0.0281,99.301,0.00056792,0.0,0.5043,0.5154,0.0575,0.1169,4.6194,0.0,0.0114,0.0,0.5035,0.5145,34.7284,34.8094,26.5326,26.6011,1.04,1.204,0.37799999999999995,0.43700000000000006,False
275.819,2019-10-06 22:48:57,12164.0,506.81199999999995,-106.85144,16.7858,274.0,11.2047,11.1751,39086.0,3.9139559999999998,0.0639,0.0279,99.3053,0.00047848,0.0,0.5043,0.5154,0.0574,0.1169,4.6197,0.0,0.011,0.0,0.5035,0.5145,34.7287,34.8093,26.5333,26.6015,1.0590000000000002,1.196,0.385,0.434,False
276.82599999999996,2019-10-06 22:48:57,12195.0,508.064,-106.85144,16.7858,275.0,11.2017,11.1719,39084.0,3.9137150000000003,0.0639,0.0274,99.3187,0.00048236,0.0,0.5043,0.5153,0.0574,0.1151,4.6203,0.0,0.011,0.0,0.5035,0.5145,34.7286,34.8095,26.5338,26.6022,1.051,1.256,0.382,0.456,False
277.834,2019-10-06 22:48:57,12217.0,508.99800000000005,-106.85144,16.7858,276.0,11.1968,11.1673,39079.0,3.913335,0.0639,0.0274,99.3183,0.00052127,0.0,0.5043,0.5153,0.0574,0.1172,4.6203,0.0,0.0112,0.0,0.5035,0.5148,34.7281,34.8097,26.5343,26.6032,1.051,1.304,0.382,0.473,False
278.841,2019-10-06 22:48:57,12237.0,509.83099999999996,-106.85144,16.7858,277.0,11.1736,11.1409,39056.0,3.911402,0.0752,0.0275,99.3157,0.00057869,0.0,0.5042,0.5153,0.0585,0.1171,4.6202,0.0,0.0114,0.0,0.5035,0.5147,34.7266,34.815,26.5374,26.6122,1.052,1.167,0.382,0.423,False
279.848,2019-10-06 22:48:57,12256.0,510.642,-106.85144,16.7858,278.0,11.0646,11.0311,38942.0,3.9002559999999997,0.0748,0.0272,99.3222,0.00051387,0.0,0.5043,0.5153,0.0585,0.1171,4.6205,0.0,0.0111,0.0,0.5035,0.5146,34.7159,34.8074,26.5489,26.6262,1.055,1.213,0.382,0.439,False
280.856,2019-10-06 22:48:57,12278.0,511.527,-106.85144,16.7858,279.0,11.0341,11.0033,38912.0,3.8968300000000005,0.075,0.0266,99.3374,0.00048285,0.0,0.5043,0.5153,0.0585,0.1161,4.6212,0.0,0.011,0.0,0.5035,0.5146,34.7143,34.7991,26.5531,26.6248,1.056,1.206,0.382,0.436,False
281.863,2019-10-06 22:48:57,12304.0,512.639,-106.85144,16.7858,280.0,10.9844,10.9531,38862.0,3.8919410000000005,0.0696,0.0263,99.3436,0.00048236,0.0,0.5043,0.5157,0.058,0.1149,4.6215,0.0,0.011,0.0,0.5035,0.5147,34.7103,34.7974,26.5591,26.6325,1.057,1.27,0.382,0.45899999999999996,False
282.87,2019-10-06 22:48:57,12338.0,514.062,-106.85144,16.7858,281.0,10.9306,10.8999,38807.0,3.8863830000000004,0.0642,0.0263,99.3445,0.00049003,0.0,0.5043,0.5154,0.0574,0.1149,4.6215,0.0,0.011,0.0,0.5035,0.5145,34.7065,34.792,26.5657,26.6378,1.058,1.181,0.382,0.426,False
283.878,2019-10-06 22:48:57,12374.0,515.547,-106.85144,16.7858,282.0,10.8872,10.8564,38764.0,3.881962,0.0756,0.0261,99.3492,0.00048223,0.0,0.5043,0.5154,0.0585,0.1155,4.6217,0.0,0.011,0.0,0.5035,0.5146,34.7033,34.7885,26.571,26.643,1.047,1.249,0.37799999999999995,0.45,False
284.885,2019-10-06 22:48:57,12404.0,516.7719999999999,-106.85144,16.7858,283.0,10.852,10.8214,38728.0,3.8783519999999996,0.071,0.0253,99.3676,0.00048236,0.0,0.5043,0.5155,0.0581,0.1172,4.6226,0.0,0.011,0.0,0.5034,0.5145,34.7006,34.7852,26.5753,26.6466,1.06,1.18,0.382,0.425,False
285.892,2019-10-06 22:48:57,12428.0,517.786,-106.85144,16.7858,284.0,10.8353,10.8047,38712.0,3.8766629999999997,0.0669,0.0253,99.3685,0.00059597,0.0,0.5043,0.5153,0.0577,0.1171,4.6226,0.0,0.0115,0.0,0.5035,0.5145,34.7004,34.7836,26.5781,26.6484,1.072,1.2009999999999998,0.386,0.433,False
286.9,2019-10-06 22:48:57,12451.0,518.743,-106.85144,16.78579,285.0,10.8268,10.7973,38704.0,3.875778,0.0757,0.0252,99.3697,0.00062269,0.0,0.5043,0.5154,0.0586,0.1166,4.6227,0.0,0.0116,0.0,0.5035,0.5145,34.6996,34.7814,26.579,26.648,1.062,1.226,0.382,0.442,False
287.907,2019-10-06 22:48:57,12475.0,519.736,-106.85144,16.78578,286.0,10.8244,10.7948,38703.0,3.875596,0.0735,0.0252,99.3708,0.00048143,0.0,0.5042,0.5154,0.0583,0.1152,4.6227,0.0,0.011,0.0,0.5035,0.5144,34.7,34.7815,26.5798,26.6486,1.062,1.182,0.382,0.426,False
288.914,2019-10-06 22:48:57,12499.0,520.765,-106.85144,16.78578,287.0,10.8218,10.7919,38700.0,3.8753589999999996,0.0638,0.0252,99.3697,0.00048236,0.0,0.5043,0.5153,0.0574,0.1168,4.6227,0.0,0.011,0.0,0.5035,0.5145,34.6993,34.7813,26.5797,26.649,1.062,1.178,0.38299999999999995,0.424,False
289.922,2019-10-06 22:48:57,12526.0,521.896,-106.85144,16.78578,288.0,10.8139,10.7838,38693.0,3.874627,0.0639,0.0257,99.3591,0.00048236,0.0,0.5043,0.5153,0.0574,0.1154,4.6222,0.0,0.011,0.0,0.5035,0.5143,34.6995,34.7813,26.5813,26.6504,1.062,1.193,0.38299999999999995,0.43,False
290.92900000000003,2019-10-06 22:48:57,12560.0,523.2959999999999,-106.85144,16.78578,289.0,10.8047,10.775,38684.0,3.873761,0.0698,0.0259,99.3535,0.00048236,0.0,0.5043,0.5153,0.058,0.1171,4.6219,0.0,0.011,0.0,0.5035,0.5144,34.699,34.7805,26.5826,26.6514,1.044,1.215,0.376,0.43700000000000006,False
291.937,2019-10-06 22:48:57,12590.0,524.561,-106.85144,16.78578,290.0,10.7948,10.765,38675.0,3.8728239999999996,0.0668,0.0252,99.3711,0.00049373,0.0,0.5043,0.5152,0.0577,0.1153,4.6227,0.0,0.011,0.0,0.5035,0.5145,34.6982,34.7802,26.5837,26.653,1.082,1.176,0.39,0.423,False
292.944,2019-10-06 22:48:57,12613.0,525.499,-106.85144,16.78578,291.0,10.7905,10.7611,38671.0,3.8724309999999997,0.0639,0.0252,99.3708,0.00048237,0.0,0.5043,0.5151,0.0574,0.1163,4.6227,0.0,0.011,0.0,0.5035,0.5143,34.698,34.7794,26.5843,26.6531,1.063,1.185,0.38299999999999995,0.42700000000000005,False
293.95099999999996,2019-10-06 22:48:57,12633.0,526.318,-106.85144,16.78578,292.0,10.7883,10.7587,38670.0,3.872233,0.0677,0.0252,99.3708,0.00048236,0.0,0.5043,0.5152,0.0578,0.1163,4.6227,0.0,0.011,0.0,0.5035,0.5144,34.6985,34.7794,26.5852,26.6535,1.064,1.204,0.38299999999999995,0.433,False
294.959,2019-10-06 22:48:57,12653.0,527.177,-106.85144,16.78578,293.0,10.7855,10.7557,38667.0,3.8719870000000003,0.0748,0.0252,99.3697,0.00048236,0.0,0.5042,0.5152,0.0585,0.1154,4.6226,0.0,0.011,0.0,0.5035,0.5143,34.6983,34.7792,26.5856,26.6539,1.064,1.21,0.38299999999999995,0.436,False
295.966,2019-10-06 22:48:57,12682.0,528.364,-106.85144,16.78578,294.0,10.7748,10.7448,38657.0,3.870994,0.0708,0.0252,99.3707,0.00048236,0.0,0.5043,0.5152,0.0581,0.1161,4.6227,0.0,0.011,0.0,0.5035,0.5145,34.6974,34.7792,26.5868,26.6559,1.064,1.214,0.38299999999999995,0.43700000000000006,False
296.973,2019-10-06 22:48:57,12726.0,530.211,-106.85144,16.78578,295.0,10.7579,10.7281,38640.0,3.8693150000000003,0.0665,0.0257,99.3586,0.00047621,0.0,0.5043,0.5152,0.0577,0.1148,4.6221,0.0,0.011,0.0,0.5035,0.5144,34.6963,34.7778,26.5889,26.6578,1.065,1.1909999999999998,0.38299999999999995,0.428,False
297.981,2019-10-06 22:48:57,12765.0,531.845,-106.85144,16.78578,296.0,10.7418,10.7116,38624.0,3.8677839999999994,0.0691,0.0257,99.359,0.00038068,0.0,0.5043,0.5153,0.0579,0.116,4.6222,0.0,0.0106,0.0,0.5035,0.5145,34.6955,34.7777,26.5912,26.6606,1.065,1.306,0.38299999999999995,0.47,False
298.988,2019-10-06 22:48:57,12790.0,532.886,-106.85144,16.78578,297.0,10.7286,10.6988,38612.0,3.866485,0.07,0.0246,99.3871,0.00048528,0.0,0.5043,0.5152,0.058,0.1159,4.6234,0.0,0.011,0.0,0.5035,0.5147,34.6947,34.7763,26.5929,26.6619,1.0659999999999998,1.2229999999999999,0.38299999999999995,0.439,False
299.996,2019-10-06 22:48:57,12810.0,533.725,-106.85144,16.78578,298.0,10.6966,10.6635,38579.0,3.863577,0.0749,0.025,99.3761,0.00048236,0.0,0.5043,0.5152,0.0585,0.1148,4.6229,0.0,0.011,0.0,0.5035,0.5145,34.6922,34.7802,26.5967,26.6712,1.067,1.181,0.38299999999999995,0.424,False
301.003,2019-10-06 22:48:57,12829.0,534.51,-106.85144,16.78578,299.0,10.6228,10.5893,38505.0,3.856257,0.0741,0.0245,99.3881,0.00048236,0.0,0.5043,0.5152,0.0584,0.1149,4.6235,0.0,0.011,0.0,0.5035,0.5145,34.6868,34.7768,26.6055,26.6816,1.069,1.2209999999999999,0.38299999999999995,0.43799999999999994,False
302.01099999999997,2019-10-06 22:48:57,12848.0,535.297,-106.85144,16.78578,300.0,10.5688,10.5351,38451.0,3.8507599999999997,0.0641,0.0242,99.3981,0.00048236,0.0,0.5043,0.5154,0.0574,0.1149,4.624,0.0,0.011,0.0,0.5035,0.5146,34.6834,34.7725,26.6124,26.6878,1.07,1.196,0.38299999999999995,0.428,False
303.018,2019-10-06 22:48:57,12868.0,536.109,-106.85144,16.78578,301.0,10.5158,10.4847,38398.0,3.845286,0.0715,0.024,99.4011,0.00048236,0.0,0.5043,0.5155,0.0581,0.1163,4.6241,0.0,0.011,0.0,0.5035,0.5144,34.6801,34.765,26.6192,26.6908,1.072,1.1740000000000002,0.38299999999999995,0.42,False
304.026,2019-10-06 22:48:57,12888.0,536.952,-106.85144,16.78578,302.0,10.5041,10.4735,38386.0,3.8439690000000004,0.0749,0.024,99.4008,0.00048236,0.0,0.5043,0.5154,0.0585,0.1163,4.6241,0.0,0.011,0.0,0.5035,0.5143,34.6788,34.7619,26.6202,26.6904,1.072,1.194,0.384,0.42700000000000005,False
305.033,2019-10-06 22:48:57,12914.0,538.044,-106.85144,16.78578,303.0,10.4829,10.4534,38365.0,3.8420339999999995,0.075,0.0238,99.4078,0.00044526,0.0,0.5043,0.5153,0.0585,0.1149,4.6244,0.0,0.0108,0.0,0.5035,0.5144,34.6774,34.761,26.6229,26.6933,1.073,1.219,0.384,0.436,False
306.041,2019-10-06 22:48:57,12971.0,540.4,-106.85144,16.78578,304.0,10.4619,10.4324,38345.0,3.8398589999999997,0.0656,0.0233,99.4194,0.00038503,0.0,0.5043,0.5152,0.0576,0.1151,4.625,0.0,0.0106,0.0,0.5035,0.5144,34.6768,34.7586,26.6261,26.6951,1.0659999999999998,1.193,0.381,0.426,False
307.048,2019-10-06 22:48:57,13018.0,542.356,-106.85144,16.78578,305.0,10.4412,10.4106,38325.0,3.837818,0.0706,0.0232,99.4209,0.00048622,0.0,0.5043,0.5152,0.0581,0.1162,4.6251,0.0,0.011,0.0,0.5035,0.5144,34.6757,34.7584,26.6288,26.6987,1.084,1.157,0.387,0.413,False
308.055,2019-10-06 22:48:57,13043.0,543.399,-106.85144,16.78578,306.0,10.424,10.3944,38308.0,3.836156,0.0689,0.0234,99.4161,0.00048236,0.0,0.5043,0.5151,0.0579,0.1158,4.6248,0.0,0.011,0.0,0.5035,0.5141,34.6744,34.7566,26.6309,26.7001,1.075,1.173,0.384,0.419,False
309.063,2019-10-06 22:48:57,13063.0,544.23,-106.85144,16.78578,307.0,10.4223,10.3932,38307.0,3.836012,0.0727,0.0231,99.4233,0.00048236,0.0,0.5042,0.5152,0.0583,0.1171,4.6252,0.0,0.011,0.0,0.5035,0.5144,34.6747,34.7558,26.6314,26.6997,1.075,1.285,0.384,0.45899999999999996,False
310.07,2019-10-06 22:48:57,13080.0,544.9730000000001,-106.85144,16.78578,308.0,10.4212,10.3917,38307.0,3.8359300000000003,0.064,0.0231,99.4233,0.00045159,0.0,0.5043,0.5152,0.0574,0.1172,4.6252,0.0,0.0109,0.0,0.5035,0.5143,34.6747,34.7559,26.6316,26.7001,1.075,1.225,0.384,0.43700000000000006,False
311.078,2019-10-06 22:48:57,13098.0,545.707,-106.85144,16.78578,309.0,10.408,10.3769,38294.0,3.8348410000000004,0.0718,0.0226,99.4356,0.00048229,0.0,0.5043,0.5151,0.0582,0.1155,4.6258,0.0,0.011,0.0,0.5035,0.5145,34.6739,34.7587,26.6333,26.7049,1.075,1.2590000000000001,0.384,0.449,False
312.085,2019-10-06 22:48:57,13116.0,546.477,-106.85144,16.78578,310.0,10.3563,10.3245,38242.0,3.829818,0.0749,0.0227,99.4338,0.00046844,0.0,0.5043,0.5149,0.0585,0.1156,4.6257,0.0,0.0109,0.0,0.5035,0.5145,34.6702,34.7573,26.6394,26.7129,1.077,1.1520000000000001,0.384,0.41100000000000003,False
313.093,2019-10-06 22:48:57,13137.0,547.346,-106.85144,16.78578,311.0,10.3141,10.2833,38200.0,3.8255550000000005,0.0733,0.0222,99.4458,0.00043195,0.0,0.5043,0.5151,0.0583,0.1171,4.6262,0.0,0.0108,0.0,0.5035,0.5141,34.6676,34.7531,26.6447,26.7168,1.078,1.137,0.384,0.405,False
314.1,2019-10-06 22:48:57,13162.0,548.384,-106.85144,16.78578,312.0,10.2853,10.2557,38172.0,3.822655,0.0638,0.0225,99.4378,0.00042026,0.0,0.5043,0.5152,0.0574,0.1168,4.6259,0.0,0.0107,0.0,0.5035,0.5144,34.6662,34.7497,26.6487,26.7189,1.079,1.25,0.384,0.445,False
315.108,2019-10-06 22:48:57,13192.0,549.611,-106.85144,16.78578,313.0,10.2745,10.2454,38162.0,3.821529,0.0639,0.0227,99.4339,0.00043886,0.0,0.5043,0.5153,0.0574,0.1148,4.6257,0.0,0.0108,0.0,0.5035,0.5143,34.6657,34.7476,26.6501,26.7191,1.068,1.1520000000000001,0.38,0.41,False
316.115,2019-10-06 22:48:57,13225.0,550.993,-106.85144,16.78578,314.0,10.2663,10.2367,38154.0,3.820721,0.0708,0.0228,99.4323,0.00048213,0.0,0.5043,0.515,0.0581,0.1163,4.6256,0.0,0.011,0.0,0.5035,0.5143,34.6653,34.7472,26.6513,26.7203,1.071,1.207,0.381,0.429,False
317.123,2019-10-06 22:48:57,13262.0,552.562,-106.85144,16.78578,315.0,10.2534,10.2237,38142.0,3.81944,0.0651,0.0219,99.4531,0.00028658,0.0,0.5043,0.5151,0.0575,0.1167,4.6266,0.0,0.0102,0.0,0.5034,0.5141,34.6647,34.7462,26.6531,26.7218,1.072,1.1420000000000001,0.381,0.406,False
318.13,2019-10-06 22:48:57,13298.0,554.061,-106.85144,16.78578,316.0,10.2371,10.2009,38126.0,3.8174050000000004,0.0688,0.022,99.4519,0.00020225,0.0,0.5043,0.515,0.0579,0.1148,4.6265,0.0,0.0098,0.0,0.5034,0.514,34.6639,34.7469,26.6553,26.7263,1.055,1.103,0.375,0.392,False
319.138,2019-10-06 22:48:57,13329.0,555.34,-106.85144,16.78578,317.0,10.2238,10.1931,38114.0,3.816375,0.0749,0.022,99.4522,0.00019629,0.0,0.5043,0.515,0.0585,0.1165,4.6265,0.0,0.0098,0.0,0.5035,0.514,34.6632,34.7435,26.657,26.7249,1.114,1.251,0.396,0.445,False
320.145,2019-10-06 22:48:57,13357.0,556.488,-106.85144,16.78578,318.0,10.2266,10.1977,38117.0,3.816904,0.0656,0.0221,99.4505,0.00020353,0.0,0.5043,0.5149,0.0576,0.1153,4.6264,0.0,0.0098,0.0,0.5035,0.5144,34.6635,34.744,26.6568,26.7246,1.075,1.148,0.382,0.408,False
321.153,2019-10-06 22:48:57,13382.0,557.5369999999999,-106.85144,16.78578,319.0,10.2298,10.1994,38121.0,3.817153,0.0638,0.0221,99.4495,0.00020334,0.0,0.5043,0.5148,0.0574,0.1166,4.6264,0.0,0.0098,0.0,0.5035,0.5138,34.6638,34.7444,26.6564,26.7247,1.0490000000000002,1.068,0.373,0.38,False
322.16,2019-10-06 22:48:57,13406.0,558.54,-106.85144,16.78578,320.0,10.2231,10.1943,38115.0,3.816768,0.0727,0.0221,99.4495,0.00021449,0.0,0.5043,0.5148,0.0583,0.1171,4.6264,0.0,0.0098,0.0,0.5035,0.5142,34.6636,34.745,26.6575,26.726,1.087,1.262,0.386,0.449,False
323.168,2019-10-06 22:48:57,13430.0,559.545,-106.85144,16.78578,321.0,10.2124,10.1834,38104.0,3.815664,0.0756,0.0221,99.4495,0.0002033,0.0,0.5043,0.5151,0.0585,0.1155,4.6264,0.0,0.0098,0.0,0.5035,0.5141,34.6629,34.7437,26.6589,26.7269,1.08,1.159,0.384,0.41200000000000003,False
324.175,2019-10-06 22:48:57,13453.0,560.521,-106.85144,16.78578,322.0,10.212,10.1829,38104.0,3.81563,0.0675,0.0221,99.4495,0.00020334,0.0,0.5043,0.5148,0.0578,0.1162,4.6264,0.0,0.0098,0.0,0.5035,0.5141,34.6627,34.7434,26.6588,26.7268,1.09,1.185,0.387,0.42100000000000004,False
325.183,2019-10-06 22:48:57,13476.0,561.4540000000001,-106.85144,16.78578,323.0,10.2116,10.1827,38105.0,3.8156449999999995,0.0694,0.0221,99.4495,0.00020334,0.0,0.5042,0.5147,0.0579,0.1158,4.6264,0.0,0.0098,0.0,0.5035,0.5142,34.663,34.7433,26.659,26.7267,1.08,1.185,0.384,0.42100000000000004,False
326.191,2019-10-06 22:48:57,13499.0,562.4,-106.85144,16.78578,324.0,10.2115,10.1825,38105.0,3.815661,0.0703,0.0221,99.4495,0.00020334,0.0,0.5042,0.515,0.058,0.1149,4.6264,0.0,0.0098,0.0,0.5034,0.514,34.6633,34.7433,26.6593,26.7268,1.062,1.112,0.377,0.395,False
327.198,2019-10-06 22:48:57,13523.0,563.4159999999999,-106.85144,16.78578,325.0,10.21,10.1809,38104.0,3.815574,0.0639,0.0221,99.4495,0.00020334,0.0,0.5043,0.5149,0.0574,0.1155,4.6264,0.0,0.0098,0.0,0.5035,0.514,34.663,34.7434,26.6594,26.7272,1.078,1.163,0.38299999999999995,0.413,False
328.20599999999996,2019-10-06 22:48:57,13552.0,564.627,-106.85144,16.78578,326.0,10.2089,10.1798,38103.0,3.8155,0.0639,0.0215,99.4639,0.00020334,0.0,0.5043,0.5149,0.0574,0.1161,4.6271,0.0,0.0098,0.0,0.5034,0.5141,34.663,34.7432,26.6596,26.7272,1.053,1.16,0.374,0.41200000000000003,False
329.213,2019-10-06 22:48:57,13588.0,566.118,-106.85144,16.78578,327.0,10.2051,10.1749,38100.0,3.815119,0.07,0.0214,99.4659,0.00020334,0.0,0.5043,0.5148,0.058,0.1165,4.6271,0.0,0.0098,0.0,0.5035,0.514,34.6626,34.7436,26.66,26.7284,1.065,1.112,0.37799999999999995,0.395,False
330.221,2019-10-06 22:48:57,13624.0,567.62,-106.85141999999999,16.78578,328.0,10.1879,10.1597,38083.0,3.813619,0.0634,0.0217,99.4583,0.00020334,0.0,0.5042,0.5148,0.0574,0.1171,4.6268,0.0,0.0098,0.0,0.5034,0.514,34.6615,34.7425,26.6621,26.7302,1.093,1.239,0.38799999999999996,0.44,False
331.228,2019-10-06 22:48:57,13656.0,568.964,-106.85141999999999,16.78578,329.0,10.1722,10.1431,38068.0,3.812072,0.0697,0.0221,99.4493,0.00020334,0.0,0.5043,0.5149,0.058,0.1172,4.6264,0.0,0.0098,0.0,0.5035,0.5143,34.6607,34.7421,26.6642,26.7328,1.084,1.167,0.385,0.414,False
332.236,2019-10-06 22:48:57,13684.0,570.121,-106.85141999999999,16.78578,330.0,10.1534,10.1226,38049.0,3.810115,0.0676,0.0221,99.4495,0.0002469,0.0,0.5042,0.5145,0.0578,0.1172,4.6264,0.0,0.01,0.0,0.5034,0.514,34.6589,34.7415,26.666,26.7358,1.022,1.1640000000000001,0.363,0.413,False
333.244,2019-10-06 22:48:57,13708.0,571.118,-106.85141999999999,16.78578,331.0,10.1332,10.1035,38029.0,3.8081959999999997,0.0639,0.0221,99.4495,0.00040843,0.0,0.5042,0.5148,0.0574,0.1157,4.6264,0.0,0.0107,0.0,0.5033,0.5142,34.6577,34.7398,26.6685,26.7377,1.077,1.195,0.382,0.424,False
334.251,2019-10-06 22:48:57,13730.0,572.035,-106.85141999999999,16.78578,332.0,10.1225,10.094,38018.0,3.8071650000000004,0.0639,0.0221,99.4495,0.00040636,0.0,0.5043,0.5151,0.0574,0.1158,4.6264,0.0,0.0107,0.0,0.5035,0.5141,34.6566,34.7379,26.6695,26.7379,1.103,1.121,0.391,0.39799999999999996,False
335.259,2019-10-06 22:48:57,13752.0,572.974,-106.85141999999999,16.78578,333.0,10.1102,10.0804,38007.0,3.8059559999999997,0.067,0.0217,99.4595,0.00033867,0.0,0.5043,0.5149,0.0577,0.1171,4.6269,0.0,0.0104,0.0,0.5034,0.5139,34.656,34.7381,26.6712,26.7404,1.092,1.159,0.387,0.41100000000000003,False
336.26599999999996,2019-10-06 22:48:57,13777.0,573.99,-106.85141999999999,16.78578,334.0,10.098,10.069,37995.0,3.804753,0.0746,0.0211,99.4725,0.00022677,0.0,0.5042,0.5149,0.0584,0.1172,4.6275,0.0,0.0099,0.0,0.5035,0.5142,34.6554,34.7364,26.6728,26.7411,1.08,1.207,0.38299999999999995,0.428,False
337.274,2019-10-06 22:48:57,13805.0,575.156,-106.85141999999999,16.78578,335.0,10.0922,10.0629,37990.0,3.8042050000000005,0.0694,0.021,99.4749,0.00021306,0.0,0.5042,0.5149,0.0579,0.1163,4.6276,0.0,0.0098,0.0,0.5034,0.514,34.6548,34.7362,26.6734,26.742,1.06,1.104,0.376,0.391,False
338.282,2019-10-06 22:48:57,13835.0,576.4259999999999,-106.85141999999999,16.78578,336.0,10.0624,10.0324,37961.0,3.8013980000000003,0.0694,0.021,99.4758,0.00020294,0.0,0.5042,0.5148,0.0579,0.1148,4.6276,0.0,0.0098,0.0,0.5034,0.514,34.6537,34.7364,26.6776,26.7473,0.958,1.204,0.33899999999999997,0.42700000000000005,False
339.289,2019-10-06 22:48:57,13863.0,577.589,-106.85141999999999,16.78578,337.0,10.0547,10.0255,37954.0,3.800567,0.0748,0.0218,99.4562,0.00023453,0.0,0.5043,0.5149,0.0585,0.115,4.6267,0.0,0.0099,0.0,0.5031,0.5141,34.6535,34.7341,26.6788,26.7467,1.0070000000000001,1.143,0.35700000000000004,0.405,False
340.29699999999997,2019-10-06 22:48:57,13889.0,578.669,-106.85141999999999,16.78578,338.0,10.0519,10.0222,37951.0,3.8002860000000003,0.0673,0.0211,99.4725,0.00023551,0.0,0.5042,0.5149,0.0577,0.1164,4.6274,0.0,0.0099,0.0,0.5033,0.5139,34.6529,34.7339,26.6788,26.7472,1.156,1.08,0.409,0.38299999999999995,False
341.305,2019-10-06 22:48:57,13915.0,579.747,-106.85141999999999,16.78578,339.0,10.045,10.0155,37945.0,3.799635,0.064,0.0218,99.4569,0.00020404,0.0,0.5043,0.5147,0.0574,0.1171,4.6267,0.0,0.0098,0.0,0.5033,0.5137,34.6524,34.7333,26.6796,26.7478,1.054,1.124,0.373,0.39799999999999996,False
342.31199999999995,2019-10-06 22:48:57,13942.0,580.861,-106.85141999999999,16.78578,340.0,10.0387,10.01,37939.0,3.7991370000000004,0.0724,0.0213,99.4688,0.00020334,0.0,0.5039,0.5149,0.0582,0.1157,4.6273,0.0,0.0098,0.0,0.5034,0.514,34.652,34.733,26.6804,26.7485,1.101,1.182,0.39,0.418,False
343.319,2019-10-06 22:48:57,13971.0,582.072,-106.85141999999999,16.78578,341.0,10.0328,10.0045,37934.0,3.798657,0.0655,0.021,99.4749,0.00020334,0.0,0.5041,0.5146,0.0576,0.1167,4.6276,0.0,0.0098,0.0,0.5034,0.5139,34.6517,34.7329,26.6812,26.7495,1.067,1.122,0.37799999999999995,0.397,False
344.327,2019-10-06 22:48:57,14006.0,583.524,-106.85141999999999,16.78578,342.0,10.025,9.9957,37926.0,3.797832,0.0713,0.021,99.4758,0.00020334,0.0,0.5041,0.5146,0.0581,0.1172,4.6276,0.0,0.0098,0.0,0.5034,0.5138,34.6512,34.7325,26.6822,26.7506,1.0979999999999999,1.1079999999999999,0.389,0.392,False
345.335,2019-10-06 22:48:57,14041.0,585.004,-106.85141999999999,16.78578,343.0,10.0156,9.9863,37918.0,3.796967,0.0698,0.021,99.4758,0.00034286,0.0,0.5042,0.5146,0.058,0.1172,4.6276,0.0,0.0104,0.0,0.5034,0.5138,34.6513,34.7323,26.6839,26.7521,1.056,1.1520000000000001,0.374,0.408,False
346.343,2019-10-06 22:48:57,14070.0,586.2230000000001,-106.85141999999999,16.78578,344.0,10.0041,9.9747,37907.0,3.7959449999999997,0.0743,0.021,99.4758,0.00030986,0.0,0.5042,0.5146,0.0584,0.1155,4.6276,0.0,0.0103,0.0,0.5035,0.5139,34.6509,34.7325,26.6855,26.7542,1.08,1.169,0.382,0.413,False
347.35,2019-10-06 22:48:57,14094.0,587.226,-106.85144,16.78578,345.0,9.9886,9.9583,37892.0,3.794418,0.0751,0.021,99.4758,0.00026164,0.0,0.5043,0.5146,0.0585,0.1166,4.6276,0.0,0.0101,0.0,0.5034,0.5138,34.6497,34.7321,26.6872,26.7567,1.097,1.091,0.38799999999999996,0.386,False
348.358,2019-10-06 22:48:57,14117.0,588.1659999999999,-106.85144,16.78578,346.0,9.9571,9.9274,37861.0,3.7914510000000003,0.0728,0.021,99.4758,0.00020466,0.0,0.5042,0.5145,0.0583,0.1157,4.6276,0.0,0.0098,0.0,0.5034,0.5138,34.6483,34.7311,26.6915,26.7612,1.043,1.147,0.369,0.405,False
349.365,2019-10-06 22:48:57,14140.0,589.127,-106.85144,16.78578,347.0,9.9365,9.9065,37841.0,3.7894089999999996,0.074,0.021,99.4747,0.00020334,0.0,0.5042,0.5145,0.0584,0.1161,4.6275,0.0,0.0098,0.0,0.5033,0.514,34.6466,34.7298,26.6937,26.7638,1.11,1.21,0.392,0.42700000000000005,False
350.37300000000005,2019-10-06 22:48:57,14164.0,590.105,-106.85144,16.78578,348.0,9.9158,9.8862,37821.0,3.7873349999999997,0.0695,0.021,99.4758,0.00020334,0.0,0.5041,0.5147,0.0579,0.1172,4.6276,0.0,0.0098,0.0,0.5035,0.5141,34.6454,34.7276,26.6962,26.7655,1.054,1.246,0.37200000000000005,0.44,False
351.381,2019-10-06 22:48:57,14186.0,591.024,-106.85144,16.78578,349.0,9.893,9.862,37798.0,3.7852379999999997,0.0669,0.021,99.4758,0.00020334,0.0,0.5043,0.5146,0.0577,0.1171,4.6276,0.0,0.0098,0.0,0.5033,0.514,34.6441,34.729,26.6991,26.7706,1.051,1.0190000000000001,0.371,0.36,False
352.389,2019-10-06 22:48:57,14206.0,591.896,-106.85144,16.78578,350.0,9.8569,9.827,37763.0,3.781686,0.0742,0.021,99.4758,0.00020334,0.0,0.5042,0.5146,0.0584,0.117,4.6276,0.0,0.0098,0.0,0.5034,0.5136,34.6422,34.7258,26.7037,26.7741,1.077,1.078,0.38,0.38,False
353.397,2019-10-06 22:48:57,14228.0,592.807,-106.85144,16.78577,351.0,9.8456,9.8159,37753.0,3.780522,0.075,0.0208,99.4813,0.00020334,0.0,0.5042,0.5147,0.0585,0.1171,4.6279,0.0,0.0098,0.0,0.5033,0.5139,34.6421,34.7241,26.7056,26.7747,1.0859999999999999,1.183,0.38299999999999995,0.41700000000000004,False
354.404,2019-10-06 22:48:57,14254.0,593.887,-106.85144,16.78576,352.0,9.8298,9.8,37738.0,3.779046,0.0642,0.0205,99.4891,0.00020334,0.0,0.5042,0.5149,0.0574,0.1171,4.6282,0.0,0.0098,0.0,0.5034,0.5138,34.6418,34.7238,26.708,26.7771,1.053,1.178,0.371,0.415,False
355.412,2019-10-06 22:48:57,14291.0,595.411,-106.85144,16.78576,353.0,9.8031,9.7736,37713.0,3.7765169999999997,0.0695,0.0198,99.5075,0.00020334,0.0,0.5042,0.5145,0.0579,0.1172,4.629,0.0,0.0098,0.0,0.5033,0.5138,34.641,34.7228,26.7118,26.7807,1.054,1.08,0.371,0.38,False
356.41900000000004,2019-10-06 22:48:57,14339.0,597.4209999999999,-106.85144,16.78578,354.0,9.79,9.7609,37700.0,3.7752449999999995,0.0743,0.0206,99.4858,0.00020334,0.0,0.5042,0.5147,0.0584,0.1162,4.6281,0.0,0.0098,0.0,0.5033,0.5139,34.6402,34.7215,26.7134,26.7819,1.087,1.194,0.38299999999999995,0.42,False
357.42699999999996,2019-10-06 22:48:57,14379.0,599.087,-106.85144,16.78578,355.0,9.7728,9.7438,37684.0,3.773594,0.073,0.02,99.5026,0.0001835,0.0,0.5042,0.5146,0.0583,0.1148,4.6288,0.0,0.0097,0.0,0.5034,0.5139,34.639,34.7206,26.7154,26.7841,1.107,1.141,0.39,0.402,False
358.435,2019-10-06 22:48:57,14406.0,600.205,-106.85144,16.78578,356.0,9.7679,9.7389,37680.0,3.773139,0.0638,0.02,99.502,0.00019503,0.0,0.504,0.5144,0.0574,0.1171,4.6288,0.0,0.0097,0.0,0.5033,0.5138,34.6394,34.7202,26.7166,26.7846,0.975,1.102,0.34299999999999997,0.38799999999999996,False
359.44199999999995,2019-10-06 22:48:57,14427.0,601.08,-106.85144,16.78578,357.0,9.7469,9.7169,37658.0,3.771153,0.0729,0.02,99.502,0.00020331,0.0,0.5042,0.5145,0.0583,0.1172,4.6288,0.0,0.0098,0.0,0.5032,0.5137,34.6366,34.7205,26.7179,26.7885,1.111,1.081,0.391,0.38,False
360.45,2019-10-06 22:48:57,14446.0,601.883,-106.85144,16.78578,358.0,9.7275,9.6986,37639.0,3.769169,0.0748,0.0207,99.4824,0.00020334,0.0,0.5041,0.5147,0.0585,0.1171,4.6279,0.0,0.0098,0.0,0.5034,0.5137,34.6353,34.7172,26.7202,26.789,1.037,1.2,0.365,0.42200000000000004,False
361.458,2019-10-06 22:48:57,14465.0,602.68,-106.85144,16.78578,359.0,9.7257,9.6969,37637.0,3.768937,0.0744,0.0208,99.4808,0.00020334,0.0,0.5042,0.5146,0.0584,0.1166,4.6278,0.0,0.0098,0.0,0.5032,0.514,34.6349,34.716,26.7202,26.7884,0.971,1.188,0.342,0.418,False
362.466,2019-10-06 22:48:57,14486.0,603.523,-106.85144,16.78578,360.0,9.725,9.6963,37638.0,3.768906,0.0744,0.0208,99.482,0.00020334,0.0,0.5041,0.5145,0.0584,0.1148,4.6279,0.0,0.0098,0.0,0.5032,0.5139,34.6356,34.7159,26.7209,26.7884,1.082,1.091,0.381,0.384,False
363.473,2019-10-06 22:48:57,14508.0,604.45,-106.85144,16.78578,361.0,9.723,9.6943,37636.0,3.76875,0.0642,0.0203,99.495,0.00020334,0.0,0.5041,0.5145,0.0574,0.1171,4.6285,0.0,0.0098,0.0,0.5033,0.5138,34.6353,34.7157,26.721,26.7886,1.054,1.179,0.371,0.415,False
364.481,2019-10-06 22:48:57,14533.0,605.513,-106.85144,16.78578,362.0,9.7226,9.6941,37636.0,3.768764,0.0727,0.0194,99.517,0.00020334,0.0,0.5042,0.5145,0.0583,0.1171,4.6295,0.0,0.0098,0.0,0.5031,0.5138,34.6352,34.7156,26.721,26.7886,1.0190000000000001,1.053,0.358,0.37,False
365.48900000000003,2019-10-06 22:48:57,14561.0,606.654,-106.85144,16.78578,363.0,9.7222,9.6934,37636.0,3.768738,0.0752,0.0196,99.5111,0.00020334,0.0,0.5039,0.5146,0.0585,0.1148,4.6292,0.0,0.0098,0.0,0.5032,0.5137,34.635,34.7155,26.7209,26.7887,1.035,1.109,0.364,0.39,False
366.49699999999996,2019-10-06 22:48:57,14587.0,607.7669999999999,-106.85143000000001,16.78578,364.0,9.7184,9.6896,37633.0,3.7684480000000002,0.0729,0.0197,99.5088,0.00020334,0.0,0.504,0.5145,0.0583,0.1152,4.6291,0.0,0.0098,0.0,0.5032,0.5134,34.6355,34.7157,26.722,26.7895,1.196,1.054,0.42,0.37,False
367.504,2019-10-06 22:48:57,14616.0,608.9680000000001,-106.85141999999999,16.78578,365.0,9.7162,9.6874,37631.0,3.7682269999999995,0.0745,0.02,99.5019,0.00020334,0.0,0.504,0.5145,0.0584,0.1166,4.6288,0.0,0.0098,0.0,0.5033,0.5137,34.6353,34.7152,26.7222,26.7895,1.0090000000000001,1.159,0.355,0.408,False
368.51199999999994,2019-10-06 22:48:57,14652.0,610.4680000000001,-106.85141999999999,16.78578,366.0,9.7022,9.6751,37618.0,3.767346,0.0752,0.0202,99.4962,0.00020334,0.0,0.5039,0.5143,0.0585,0.1162,4.6285,0.0,0.0098,0.0,0.5033,0.5138,34.6345,34.7175,26.7239,26.7933,1.1059999999999999,1.156,0.389,0.406,False
369.52,2019-10-06 22:48:57,14691.0,612.0830000000001,-106.85141999999999,16.78578,367.0,9.651,9.622,37568.0,3.7620160000000005,0.0747,0.0203,99.4938,0.00020334,0.0,0.5042,0.5143,0.0585,0.1175,4.6284,0.0,0.0098,0.0,0.5035,0.5138,34.6322,34.7134,26.7307,26.799,1.038,1.15,0.364,0.40399999999999997,False
370.528,2019-10-06 22:48:57,14724.0,613.453,-106.85141999999999,16.78578,368.0,9.643,9.6132,37561.0,3.761137,0.0749,0.0199,99.5039,0.00020334,0.0,0.5041,0.5144,0.0585,0.117,4.6289,0.0,0.0098,0.0,0.5031,0.5136,34.6317,34.7124,26.7316,26.7997,1.021,1.063,0.359,0.373,False
371.535,2019-10-06 22:48:57,14751.0,614.6,-106.85141999999999,16.78578,369.0,9.6318,9.6039,37550.0,3.760304,0.0752,0.0193,99.5191,0.00020334,0.0,0.5041,0.5144,0.0585,0.1171,4.6296,0.0,0.0098,0.0,0.5032,0.5137,34.6312,34.7123,26.7331,26.8011,1.068,1.162,0.375,0.408,False
372.543,2019-10-06 22:48:57,14777.0,615.674,-106.85141999999999,16.78578,370.0,9.623,9.5936,37542.0,3.759351,0.0756,0.0199,99.5032,0.00020334,0.0,0.5043,0.5145,0.0586,0.1172,4.6289,0.0,0.0098,0.0,0.503,0.5137,34.6309,34.712,26.7344,26.8026,0.9670000000000001,1.173,0.33899999999999997,0.41100000000000003,False
373.551,2019-10-06 22:48:57,14802.0,616.705,-106.85141999999999,16.78578,371.0,9.6158,9.5866,37536.0,3.7586730000000004,0.0735,0.0196,99.5123,0.00020334,0.0,0.5038,0.5145,0.0583,0.1171,4.6293,0.0,0.0098,0.0,0.5033,0.5139,34.6307,34.7112,26.7354,26.8032,1.12,1.2009999999999998,0.39299999999999996,0.42100000000000004,False
374.559,2019-10-06 22:48:57,14825.0,617.659,-106.85141999999999,16.78578,372.0,9.6081,9.5804,37529.0,3.758196,0.0683,0.0191,99.5237,0.00020334,0.0,0.504,0.5143,0.0578,0.1171,4.6298,0.0,0.0098,0.0,0.5031,0.514,34.6306,34.7119,26.7367,26.8048,1.042,1.084,0.365,0.38,False
375.566,2019-10-06 22:48:57,14846.0,618.555,-106.85141999999999,16.78578,373.0,9.5926,9.5649,37515.0,3.756824,0.0644,0.019,99.5258,0.00020334,0.0,0.5042,0.5145,0.0575,0.1171,4.6299,0.0,0.0098,0.0,0.5031,0.5135,34.631,34.7123,26.7395,26.8077,0.9159999999999999,0.983,0.321,0.345,False
376.574,2019-10-06 22:48:57,14867.0,619.43,-106.85141999999999,16.78578,374.0,9.5898,9.561,37513.0,3.756395,0.0751,0.0195,99.5131,0.00020334,0.0,0.5037,0.5146,0.0585,0.1172,4.6293,0.0,0.0098,0.0,0.5029,0.5135,34.6308,34.7111,26.7398,26.8074,0.996,1.138,0.349,0.39899999999999997,False
377.582,2019-10-06 22:48:57,14888.0,620.3009999999999,-106.85141999999999,16.78578,375.0,9.5812,9.5542,37505.0,3.755927,0.0638,0.0198,99.5069,0.00020334,0.0,0.5041,0.5145,0.0574,0.117,4.629,0.0,0.0098,0.0,0.503,0.5136,34.631,34.7124,26.7415,26.8095,1.156,1.1740000000000002,0.405,0.41100000000000003,False
378.59,2019-10-06 22:48:57,14910.0,621.215,-106.85141999999999,16.78578,376.0,9.5754,9.547,37501.0,3.755225,0.0706,0.0197,99.5088,0.00020334,0.0,0.5039,0.5147,0.0581,0.1171,4.6291,0.0,0.0098,0.0,0.5032,0.5138,34.6311,34.7116,26.7425,26.8102,1.001,1.092,0.35100000000000003,0.38299999999999995,False
379.598,2019-10-06 22:48:57,14936.0,622.278,-106.85141999999999,16.78578,377.0,9.5732,9.5444,37499.0,3.755015,0.0726,0.0199,99.504,0.00019631,0.0,0.5038,0.5142,0.0583,0.1172,4.6289,0.0,0.0098,0.0,0.5028,0.5135,34.6309,34.7115,26.7427,26.8105,0.935,1.063,0.32799999999999996,0.373,False
380.606,2019-10-06 22:48:57,14967.0,623.6030000000001,-106.85141999999999,16.78578,378.0,9.5687,9.5404,37495.0,3.7546760000000003,0.0719,0.0199,99.5042,0.00019751,0.0,0.5039,0.5143,0.0582,0.1171,4.6289,0.0,0.0098,0.0,0.5033,0.5137,34.6313,34.7114,26.7438,26.8111,1.2409999999999999,1.177,0.435,0.41200000000000003,False
381.61300000000006,2019-10-06 22:48:57,15006.0,625.221,-106.85141999999999,16.78578,379.0,9.5486,9.5204,37476.0,3.7529879999999998,0.0732,0.0195,99.5145,0.00020331,0.0,0.5038,0.5143,0.0583,0.1172,4.6294,0.0,0.0098,0.0,0.5033,0.5138,34.6305,34.7129,26.7465,26.8156,1.014,1.1320000000000001,0.355,0.397,False
382.621,2019-10-06 22:48:57,15048.0,626.955,-106.85141999999999,16.78578,380.0,9.4908,9.4603,37420.0,3.747205,0.0735,0.0196,99.5109,0.0001978,0.0,0.504,0.5143,0.0583,0.1166,4.6292,0.0,0.0098,0.0,0.5031,0.5135,34.6272,34.7108,26.7534,26.8238,1.003,1.0659999999999998,0.35100000000000003,0.373,False
383.629,2019-10-06 22:48:57,15081.0,628.319,-106.85141999999999,16.78578,381.0,9.4716,9.4428,37401.0,3.745258,0.0731,0.019,99.5268,0.00020345,0.0,0.5041,0.5145,0.0583,0.1157,4.6299,0.0,0.0098,0.0,0.5032,0.5137,34.6256,34.7071,26.7554,26.8239,1.1179999999999999,1.1740000000000002,0.391,0.41100000000000003,False
384.63699999999994,2019-10-06 22:48:57,15107.0,629.4019999999999,-106.85141999999999,16.78578,382.0,9.4617,9.4304,37391.0,3.7441440000000004,0.0732,0.0189,99.5293,0.00020334,0.0,0.504,0.5144,0.0583,0.1172,4.6301,0.0,0.0098,0.0,0.5031,0.5137,34.6249,34.7071,26.7564,26.826,1.0590000000000002,1.1420000000000001,0.37,0.39899999999999997,False
385.645,2019-10-06 22:48:57,15129.0,630.342,-106.85141999999999,16.78578,383.0,9.4396,9.4113,37370.0,3.7422760000000004,0.0731,0.0189,99.5283,0.00020334,0.0,0.5039,0.5143,0.0583,0.1172,4.63,0.0,0.0098,0.0,0.5033,0.5138,34.6236,34.7058,26.7591,26.8281,0.98,1.089,0.34299999999999997,0.38,False
386.653,2019-10-06 22:48:57,15150.0,631.215,-106.85141999999999,16.78578,384.0,9.4249,9.3955,37356.0,3.7408089999999996,0.0739,0.0184,99.5424,0.00020334,0.0,0.5039,0.5143,0.0584,0.1171,4.6307,0.0,0.0098,0.0,0.5029,0.5135,34.6228,34.7054,26.7609,26.8304,0.884,1.11,0.309,0.38799999999999996,False
387.66,2019-10-06 22:48:57,15171.0,632.082,-106.85141999999999,16.78578,385.0,9.4129,9.3829,37344.0,3.739457,0.0754,0.0185,99.5376,0.00020334,0.0,0.5041,0.5143,0.0585,0.1172,4.6305,0.0,0.0098,0.0,0.5028,0.5138,34.622,34.7032,26.7623,26.8307,1.056,1.143,0.369,0.39899999999999997,False
388.668,2019-10-06 22:48:57,15192.0,632.976,-106.85141999999999,16.78578,386.0,9.406,9.3766,37337.0,3.7388589999999997,0.0739,0.0189,99.5283,0.00019413,0.0,0.5039,0.5145,0.0584,0.1171,4.63,0.0,0.0097,0.0,0.5031,0.5135,34.6213,34.7027,26.7628,26.8314,1.089,1.07,0.38,0.373,False
389.676,2019-10-06 22:48:57,15215.0,633.903,-106.85141999999999,16.78578,387.0,9.4004,9.3715,37333.0,3.738343,0.0735,0.0189,99.5283,0.00019449,0.0,0.504,0.5144,0.0583,0.1171,4.63,0.0,0.0097,0.0,0.503,0.5136,34.6212,34.7018,26.7637,26.8315,1.051,1.158,0.36700000000000005,0.40399999999999997,False
390.684,2019-10-06 22:48:57,15238.0,634.89,-106.85141999999999,16.78578,388.0,9.3993,9.3704,37332.0,3.738255,0.0722,0.019,99.5252,0.0002031,0.0,0.5037,0.5144,0.0582,0.1158,4.6299,0.0,0.0098,0.0,0.503,0.5136,34.6213,34.7015,26.764,26.8315,0.9620000000000001,1.06,0.336,0.37,False
391.69199999999995,2019-10-06 22:48:57,15265.0,635.987,-106.85141999999999,16.78578,389.0,9.39,9.3604,37324.0,3.7374410000000005,0.0734,0.0192,99.52,0.00020334,0.0,0.5037,0.5143,0.0583,0.1163,4.6296,0.0,0.0098,0.0,0.5029,0.5136,34.621,34.7023,26.7653,26.8338,1.081,1.109,0.377,0.387,False
392.7,2019-10-06 22:48:57,15295.0,637.263,-106.85141999999999,16.78578,390.0,9.3779,9.3488,37312.0,3.736302,0.0727,0.0193,99.5193,0.00019702,0.0,0.5038,0.5144,0.0583,0.1172,4.6296,0.0,0.0098,0.0,0.503,0.5134,34.6203,34.7012,26.7668,26.8348,0.991,1.08,0.34600000000000003,0.377,False
393.708,2019-10-06 22:48:57,15330.0,638.714,-106.85141999999999,16.78578,391.0,9.3642,9.3341,37299.0,3.734957,0.0715,0.0189,99.5283,0.00020336,0.0,0.5037,0.5142,0.0581,0.1171,4.63,0.0,0.0098,0.0,0.5029,0.5135,34.6201,34.7011,26.7688,26.8371,1.023,1.09,0.35700000000000004,0.38,False
394.715,2019-10-06 22:48:57,15366.0,640.201,-106.85141999999999,16.78578,392.0,9.3454,9.3165,37281.0,3.7331849999999998,0.0682,0.0185,99.54,0.00019731,0.0,0.5039,0.5142,0.0578,0.1172,4.6306,0.0,0.0098,0.0,0.5028,0.5135,34.6186,34.6992,26.7708,26.8386,0.961,1.13,0.335,0.39399999999999996,False
395.723,2019-10-06 22:48:57,15398.0,641.533,-106.85141999999999,16.78578,393.0,9.3338,9.306,37270.0,3.7322050000000004,0.0708,0.0186,99.5352,0.0002034,0.0,0.5037,0.5143,0.0581,0.1172,4.6303,0.0,0.0098,0.0,0.5029,0.5136,34.6178,34.6988,26.772,26.8399,1.04,1.131,0.363,0.39399999999999996,False
396.731,2019-10-06 22:48:57,15425.0,642.686,-106.85141999999999,16.78578,394.0,9.3219,9.2935,37258.0,3.730984,0.0729,0.0181,99.5495,0.00020334,0.0,0.5039,0.5141,0.0583,0.1172,4.6311,0.0,0.0098,0.0,0.503,0.5137,34.6171,34.6978,26.7735,26.8412,1.071,1.061,0.373,0.37,False
397.73900000000003,2019-10-06 22:48:57,15449.0,643.6669999999999,-106.85141999999999,16.78578,395.0,9.299,9.267,37236.0,3.7288580000000002,0.0724,0.0189,99.5274,0.00019411,0.0,0.5034,0.5142,0.0582,0.1171,4.63,0.0,0.0097,0.0,0.503,0.5133,34.6159,34.7009,26.7762,26.848,1.002,1.047,0.349,0.365,False
398.74699999999996,2019-10-06 22:48:57,15472.0,644.612,-106.85141999999999,16.78578,396.0,9.2644,9.235,37203.0,3.725455,0.0741,0.0188,99.5316,0.00019487,0.0,0.5038,0.5143,0.0584,0.118,4.6302,0.0,0.0097,0.0,0.5026,0.5134,34.6147,34.6961,26.7809,26.8494,0.9420000000000001,1.122,0.32799999999999996,0.391,False
399.755,2019-10-06 22:48:57,15496.0,645.605,-106.85141999999999,16.78578,397.0,9.2538,9.2254,37193.0,3.7245839999999997,0.0722,0.0189,99.5294,0.00020318,0.0,0.5037,0.5144,0.0582,0.1174,4.6301,0.0,0.0098,0.0,0.5031,0.5137,34.6141,34.696,26.7822,26.8509,1.159,1.213,0.40299999999999997,0.42200000000000004,False
400.76300000000003,2019-10-06 22:48:57,15522.0,646.72,-106.85141999999999,16.78578,398.0,9.239,9.2113,37180.0,3.723205,0.0713,0.0191,99.5227,0.00019614,0.0,0.5037,0.5141,0.0581,0.1172,4.6297,0.0,0.0098,0.0,0.5029,0.5134,34.6136,34.6948,26.7842,26.8523,0.9640000000000001,1.057,0.335,0.36700000000000005,False
401.77099999999996,2019-10-06 22:48:57,15550.0,647.866,-106.85141999999999,16.78578,399.0,9.2359,9.208,37178.0,3.722875,0.0719,0.0189,99.5284,0.00020342,0.0,0.5037,0.5141,0.0582,0.1172,4.63,0.0,0.0098,0.0,0.5029,0.5136,34.614,34.6942,26.785,26.8523,0.9620000000000001,1.1159999999999999,0.335,0.38799999999999996,False
402.779,2019-10-06 22:48:57,15575.0,648.923,-106.85141999999999,16.78578,400.0,9.2294,9.2012,37172.0,3.7223300000000004,0.0731,0.0189,99.5283,0.00020334,0.0,0.5038,0.5143,0.0583,0.1171,4.63,0.0,0.0098,0.0,0.5029,0.5135,34.614,34.6946,26.7861,26.8538,1.147,1.111,0.39899999999999997,0.386,False
403.787,2019-10-06 22:48:57,15598.0,649.861,-106.85141999999999,16.78578,401.0,9.2281,9.1995,37171.0,3.7221629999999997,0.0717,0.0189,99.5295,0.00020334,0.0,0.5038,0.5144,0.0582,0.1171,4.6301,0.0,0.0098,0.0,0.5031,0.5134,34.614,34.6941,26.7863,26.8537,1.139,1.064,0.396,0.37,False
404.79400000000004,2019-10-06 22:48:57,15619.0,650.746,-106.85141999999999,16.78578,402.0,9.2254,9.197,37169.0,3.722,0.0737,0.0188,99.5296,0.00019298,0.0,0.5038,0.5141,0.0584,0.1172,4.6301,0.0,0.0097,0.0,0.5031,0.5136,34.6137,34.6944,26.7866,26.8543,1.008,1.19,0.35100000000000003,0.414,False
405.80300000000005,2019-10-06 22:48:57,15641.0,651.646,-106.85141999999999,16.78578,403.0,9.2222,9.1935,37167.0,3.7217569999999998,0.0737,0.0182,99.5461,0.00020385,0.0,0.5036,0.5142,0.0584,0.1171,4.6309,0.0,0.0098,0.0,0.5031,0.5135,34.614,34.6947,26.7874,26.8551,1.082,1.1059999999999999,0.376,0.384,False
406.81,2019-10-06 22:48:57,15666.0,652.697,-106.85141999999999,16.78578,404.0,9.2061,9.1769,37152.0,3.720326,0.0719,0.018,99.5517,0.00019638,0.0,0.5037,0.5142,0.0582,0.1172,4.6312,0.0,0.0098,0.0,0.503,0.5135,34.6139,34.6955,26.7899,26.8585,0.965,1.087,0.335,0.37799999999999995,False
407.81800000000004,2019-10-06 22:48:57,15701.0,654.185,-106.85141999999999,16.78578,405.0,9.1754,9.1468,37123.0,3.717433,0.0734,0.0181,99.5499,0.00020333,0.0,0.5038,0.5141,0.0583,0.1172,4.6311,0.0,0.0098,0.0,0.5029,0.5135,34.6126,34.6942,26.7939,26.8623,1.041,1.107,0.36200000000000004,0.385,False
408.82599999999996,2019-10-06 22:48:57,15751.0,656.243,-106.85141999999999,16.78578,406.0,9.1704,9.142,37118.0,3.716852,0.0717,0.0185,99.5379,0.00020334,0.0,0.5039,0.5142,0.0582,0.1172,4.6305,0.0,0.0098,0.0,0.5029,0.5135,34.612,34.6923,26.7942,26.8616,0.983,1.087,0.341,0.377,False
409.834,2019-10-06 22:48:57,15791.0,657.904,-106.85141999999999,16.78578,407.0,9.1669,9.1384,37115.0,3.716593,0.0729,0.0188,99.5307,0.00018938,0.0,0.5036,0.514,0.0583,0.1171,4.6301,0.0,0.0097,0.0,0.503,0.5134,34.6116,34.6926,26.7945,26.8625,1.18,1.138,0.41,0.395,False
410.842,2019-10-06 22:48:57,15816.0,658.9680000000001,-106.85141999999999,16.78578,408.0,9.1585,9.1298,37107.0,3.715804,0.0716,0.0188,99.5319,0.00020372,0.0,0.5038,0.5143,0.0582,0.1172,4.6302,0.0,0.0098,0.0,0.5034,0.5137,34.6114,34.6923,26.7957,26.8637,1.328,1.2009999999999998,0.461,0.41700000000000004,False
411.85,2019-10-06 22:48:57,15836.0,659.7869999999999,-106.85141999999999,16.78578,409.0,9.1485,9.1203,37098.0,3.7149959999999997,0.0713,0.0192,99.5208,0.00020334,0.0,0.5036,0.5141,0.0581,0.1171,4.6297,0.0,0.0098,0.0,0.5036,0.5138,34.611,34.6927,26.7969,26.8655,1.188,1.23,0.41200000000000003,0.42700000000000005,False
412.858,2019-10-06 22:48:57,15853.0,660.5010000000001,-106.85141999999999,16.78578,410.0,9.1269,9.0966,37077.0,3.7129830000000004,0.0725,0.0195,99.5144,0.00020334,0.0,0.5036,0.514,0.0582,0.1171,4.6294,0.0,0.0098,0.0,0.5035,0.5139,34.6102,34.6942,26.7998,26.8705,1.091,1.273,0.37799999999999995,0.442,False
413.866,2019-10-06 22:48:57,15869.0,661.1669999999999,-106.85141999999999,16.78578,411.0,9.1064,9.0774,37058.0,3.710972,0.0688,0.0186,99.5353,0.00018977,0.0,0.5037,0.5141,0.0579,0.1174,4.6303,0.0,0.0097,0.0,0.5035,0.5141,34.6099,34.6915,26.8029,26.8714,1.073,1.199,0.37200000000000005,0.41600000000000004,False
414.874,2019-10-06 22:48:57,15885.0,661.823,-106.85141999999999,16.78578,412.0,9.0261,8.9861,36978.0,3.703899,0.0691,0.018,99.553,0.00017397,0.0,0.5038,0.5141,0.0579,0.1182,4.6312,0.0,0.0096,0.0,0.5034,0.5138,34.6037,34.706,26.8109,26.8974,0.888,1.0070000000000001,0.308,0.349,False
415.88199999999995,2019-10-06 22:48:57,15901.0,662.51,-106.85141999999999,16.78578,413.0,8.9023,8.8703,36858.0,3.691465,0.0697,0.018,99.5531,0.00020378,0.0,0.5041,0.5143,0.058,0.1174,4.6312,0.0,0.0098,0.0,0.5031,0.5136,34.5974,34.6882,26.8257,26.9019,0.748,1.067,0.258,0.368,False
416.89,2019-10-06 22:48:57,15921.0,663.324,-106.85141999999999,16.78578,414.0,8.8729,8.8426,36830.0,3.688429,0.0712,0.0179,99.5544,0.00019501,0.0,0.5043,0.5143,0.0581,0.1171,4.6313,0.0,0.0097,0.0,0.5026,0.5136,34.597,34.6829,26.83,26.9021,0.779,1.048,0.26899999999999996,0.36200000000000004,False
417.898,2019-10-06 22:48:57,15955.0,664.737,-106.85141999999999,16.78578,415.0,8.8492,8.8221,36808.0,3.6860660000000003,0.0699,0.0179,99.5545,0.0002021,0.0,0.5041,0.5145,0.058,0.1171,4.6313,0.0,0.0098,0.0,0.5028,0.5134,34.5958,34.6776,26.8328,26.9012,1.075,1.093,0.371,0.377,False
418.906,2019-10-06 22:48:57,16029.0,667.83,-106.85141999999999,16.78578,416.0,8.8721,8.8159,36831.0,3.685549,0.0694,0.0185,99.5383,0.00019954,0.0,0.5033,0.514,0.0579,0.1172,4.6305,0.0,0.0098,0.0,0.5032,0.5136,34.5975,34.6778,26.8305,26.9023,1.22,1.185,0.42100000000000004,0.409,False
419.914,2019-10-06 22:48:57,16066.0,669.3760000000001,-106.85141999999999,16.78576,417.0,8.7924,8.761,36754.0,3.680721,0.0637,0.0178,99.5569,0.00020345,0.0,0.5037,0.5141,0.0574,0.1171,4.6314,0.0,0.0098,0.0,0.5032,0.5137,34.5941,34.6802,26.8404,26.9128,0.7240000000000001,1.141,0.249,0.39299999999999996,False
420.92199999999997,2019-10-06 22:48:57,16088.0,670.31,-106.85141999999999,16.78576,418.0,8.7338,8.702,36697.0,3.675126,0.0731,0.0179,99.5545,0.00020334,0.0,0.5036,0.5143,0.0583,0.1171,4.6313,0.0,0.0098,0.0,0.5025,0.5137,34.5909,34.6785,26.8471,26.9208,0.779,1.117,0.268,0.384,False
421.93,2019-10-06 22:48:57,16107.0,671.073,-106.85141999999999,16.78576,419.0,8.6832,8.6517,36648.0,3.670061,0.0732,0.0179,99.5545,0.00020334,0.0,0.5042,0.5143,0.0583,0.1171,4.6313,0.0,0.0098,0.0,0.5025,0.5135,34.5883,34.6739,26.853,26.925,1.281,1.005,0.44,0.345,False
422.93800000000005,2019-10-06 22:48:57,16123.0,671.765,-106.85141999999999,16.78576,420.0,8.6747,8.6451,36641.0,3.6691230000000004,0.0732,0.018,99.5529,0.00019112,0.0,0.5042,0.5142,0.0583,0.1171,4.6312,0.0,0.0097,0.0,0.5032,0.5133,34.5885,34.67,26.8545,26.923,1.195,1.073,0.41100000000000003,0.369,False
423.94599999999997,2019-10-06 22:48:57,16140.0,672.454,-106.85141999999999,16.78576,421.0,8.6678,8.6395,36635.0,3.668664,0.0739,0.0179,99.5545,0.00020326,0.0,0.5042,0.5144,0.0584,0.1172,4.6313,0.0,0.0098,0.0,0.5029,0.5134,34.5878,34.6701,26.855,26.924,0.736,1.133,0.253,0.389,False
424.954,2019-10-06 22:48:57,16158.0,673.198,-106.85141999999999,16.78576,422.0,8.6596,8.6306,36628.0,3.6677660000000003,0.0723,0.018,99.5531,0.00020334,0.0,0.5037,0.5141,0.0582,0.117,4.6312,0.0,0.0098,0.0,0.5024,0.5135,34.5879,34.6689,26.8564,26.9245,0.884,1.08,0.303,0.371,False
425.962,2019-10-06 22:48:57,16181.0,674.153,-106.85141999999999,16.78578,423.0,8.6491,8.6242,36618.0,3.667282,0.0726,0.0177,99.5592,0.00017653,0.0,0.5033,0.5143,0.0583,0.1172,4.6315,0.0,0.0096,0.0,0.5027,0.5133,34.5876,34.6697,26.8578,26.926,1.1440000000000001,1.135,0.39299999999999996,0.39,False
426.97,2019-10-06 22:48:57,16217.0,675.665,-106.85141999999999,16.78578,424.0,8.6427,8.6153,36612.0,3.6663589999999995,0.0723,0.0174,99.5659,0.00020374,0.0,0.5037,0.514,0.0582,0.1171,4.6318,0.0,0.0098,0.0,0.5026,0.5135,34.5875,34.6682,26.8587,26.9263,1.035,1.114,0.355,0.382,False
427.978,2019-10-06 22:48:57,16253.0,677.166,-106.85141999999999,16.78578,425.0,8.6412,8.6134,36612.0,3.666232,0.071,0.0168,99.5799,0.00019022,0.0,0.5034,0.5139,0.0581,0.1172,4.6325,0.0,0.0097,0.0,0.5029,0.5133,34.5877,34.6682,26.8592,26.9266,0.903,1.0590000000000002,0.31,0.363,False
428.98699999999997,2019-10-06 22:48:57,16280.0,678.297,-106.85141999999999,16.78578,426.0,8.6359,8.6076,36607.0,3.665793,0.07,0.0169,99.5775,0.00019481,0.0,0.5035,0.5141,0.058,0.1172,4.6324,0.0,0.0097,0.0,0.5025,0.5135,34.5879,34.6687,26.8601,26.9279,0.975,1.146,0.335,0.39299999999999996,False
429.995,2019-10-06 22:48:57,16303.0,679.268,-106.85141999999999,16.78578,427.0,8.6295,8.6035,36602.0,3.6653860000000003,0.0722,0.0169,99.5772,0.0001941,0.0,0.5034,0.5142,0.0582,0.1171,4.6323,0.0,0.0097,0.0,0.5027,0.5132,34.5876,34.668,26.8609,26.928,1.047,1.018,0.359,0.349,False
431.00300000000004,2019-10-06 22:48:57,16327.0,680.25,-106.85141999999999,16.78576,428.0,8.626,8.5986,36599.0,3.664975,0.0698,0.0175,99.565,0.00020334,0.0,0.5037,0.5139,0.058,0.1172,4.6318,0.0,0.0098,0.0,0.5027,0.5133,34.5875,34.668,26.8614,26.9288,1.0270000000000001,1.093,0.353,0.375,False
432.01099999999997,2019-10-06 22:48:57,16355.0,681.41,-106.85141999999999,16.78576,429.0,8.6225,8.5949,36596.0,3.6646620000000003,0.0692,0.0179,99.5544,0.00019648,0.0,0.5034,0.514,0.0579,0.1172,4.6313,0.0,0.0098,0.0,0.5026,0.5133,34.5879,34.6678,26.8622,26.9293,0.9420000000000001,1.1179999999999999,0.32299999999999995,0.384,False
433.019,2019-10-06 22:48:57,16392.0,682.9630000000001,-106.85141999999999,16.78576,430.0,8.6192,8.5926,36593.0,3.664476,0.0641,0.0177,99.5599,0.00020346,0.0,0.5033,0.5139,0.0574,0.1172,4.6315,0.0,0.0098,0.0,0.5024,0.5134,34.5875,34.6677,26.8625,26.9295,0.991,1.121,0.34,0.385,False
434.027,2019-10-06 22:48:57,16429.0,684.4939999999999,-106.85141999999999,16.78576,431.0,8.6169,8.5885,36592.0,3.6641559999999997,0.0705,0.0178,99.5578,0.00020334,0.0,0.5035,0.5139,0.058,0.1171,4.6315,0.0,0.0098,0.0,0.5027,0.5134,34.5876,34.6678,26.8629,26.9303,0.961,1.004,0.33,0.344,False
435.035,2019-10-06 22:48:57,16455.0,685.575,-106.85141999999999,16.78576,432.0,8.6171,8.5892,36593.0,3.6642059999999996,0.0697,0.0174,99.5673,0.00019424,0.0,0.5034,0.5139,0.058,0.1172,4.6319,0.0,0.0097,0.0,0.5026,0.5129,34.5884,34.6672,26.8636,26.9297,1.061,1.016,0.364,0.348,False
436.043,2019-10-06 22:48:57,16475.0,686.436,-106.85141999999999,16.78576,433.0,8.6151,8.5873,36591.0,3.664142,0.0684,0.0171,99.574,0.00020353,0.0,0.5032,0.5139,0.0578,0.1171,4.6322,0.0,0.0098,0.0,0.5026,0.5134,34.5881,34.6679,26.8637,26.9306,0.9079999999999999,1.255,0.311,0.43,False
437.051,2019-10-06 22:48:57,16494.0,687.196,-106.85141999999999,16.78576,434.0,8.6122,8.5845,36589.0,3.6638879999999996,0.0625,0.017,99.5764,0.00020334,0.0,0.5034,0.5141,0.0573,0.1172,4.6323,0.0,0.0098,0.0,0.5024,0.5133,34.588,34.6676,26.864,26.9308,0.893,1.014,0.306,0.348,False
438.059,2019-10-06 22:48:57,16511.0,687.9110000000001,-106.85141999999999,16.78576,435.0,8.611,8.5822,36588.0,3.6637690000000003,0.0675,0.0168,99.5808,0.00020334,0.0,0.5035,0.514,0.0577,0.1171,4.6325,0.0,0.0098,0.0,0.5025,0.5132,34.5879,34.668,26.8641,26.9315,0.995,0.993,0.341,0.341,False
439.06699999999995,2019-10-06 22:48:57,16528.0,688.633,-106.85141999999999,16.78576,436.0,8.6063,8.5771,36584.0,3.6632860000000003,0.0713,0.0168,99.5808,0.00020334,0.0,0.5032,0.5137,0.0581,0.1172,4.6325,0.0,0.0098,0.0,0.5024,0.5132,34.5877,34.6674,26.8647,26.9318,0.9520000000000001,1.129,0.326,0.387,False
440.075,2019-10-06 22:48:57,16548.0,689.439,-106.85141999999999,16.78576,437.0,8.6006,8.5724,36579.0,3.6629059999999996,0.0875,0.0168,99.5808,0.00020334,0.0,0.5034,0.5137,0.0597,0.1172,4.6325,0.0,0.0098,0.0,0.5025,0.5132,34.5875,34.6676,26.8655,26.9327,1.013,1.101,0.34700000000000003,0.377,False
441.083,2019-10-06 22:48:57,16579.0,690.76,-106.85141999999999,16.78576,438.0,8.5973,8.5694,36576.0,3.662609,0.0739,0.0168,99.5817,0.00019975,0.0,0.5033,0.5138,0.0584,0.1172,4.6325,0.0,0.0098,0.0,0.5025,0.5133,34.5873,34.6669,26.8659,26.9326,0.981,1.065,0.336,0.365,False
442.092,2019-10-06 22:48:57,16654.0,693.86,-106.85141999999999,16.78576,439.0,8.5996,8.5719,36579.0,3.6628730000000003,0.0679,0.0178,99.5556,0.000196,0.0,0.5033,0.5139,0.0578,0.1171,4.6313,0.0,0.0098,0.0,0.5027,0.5131,34.587,34.6668,26.8653,26.9322,1.028,1.081,0.353,0.371,False
443.1,2019-10-06 22:48:57,16684.0,695.105,-106.85141999999999,16.78576,440.0,8.5886,8.561,36569.0,3.661989,0.0681,0.0183,99.5429,0.00020342,0.0,0.5033,0.5138,0.0578,0.117,4.6307,0.0,0.0098,0.0,0.5026,0.5134,34.5871,34.6677,26.8671,26.9346,0.998,1.212,0.342,0.41600000000000004,False
444.108,2019-10-06 22:48:57,16703.0,695.919,-106.85141999999999,16.78576,441.0,8.568,8.5424,36550.0,3.6602900000000003,0.0689,0.0178,99.5576,0.00020334,0.0,0.5034,0.5138,0.0579,0.1172,4.6314,0.0,0.0098,0.0,0.5025,0.5134,34.5863,34.6674,26.8697,26.9373,1.052,1.092,0.361,0.374,False
445.116,2019-10-06 22:48:57,16720.0,696.638,-106.85141999999999,16.78576,442.0,8.568,8.5388,36550.0,3.659877,0.0689,0.0176,99.5607,0.00019116,0.0,0.5033,0.5137,0.0579,0.118,4.6316,0.0,0.0097,0.0,0.5029,0.5134,34.5865,34.6662,26.8699,26.9369,0.993,1.0979999999999999,0.34,0.376,False
446.124,2019-10-06 22:48:57,16737.0,697.347,-106.85141999999999,16.78576,443.0,8.5546,8.5305,36538.0,3.6593269999999998,0.0719,0.0177,99.5591,0.00020357,0.0,0.5034,0.514,0.0582,0.1177,4.6315,0.0,0.0098,0.0,0.5024,0.5134,34.5858,34.668,26.8714,26.9396,0.8340000000000001,1.056,0.28600000000000003,0.36200000000000004,False
447.13199999999995,2019-10-06 22:48:57,16755.0,698.0880000000001,-106.85141999999999,16.78576,444.0,8.5419,8.5109,36526.0,3.6574,0.0703,0.0179,99.5545,0.00020334,0.0,0.5035,0.5138,0.058,0.1172,4.6313,0.0,0.0098,0.0,0.5026,0.5133,34.5851,34.6664,26.8728,26.9414,1.002,0.965,0.34299999999999997,0.331,False
448.14,2019-10-06 22:48:57,16774.0,698.8760000000001,-106.8514,16.78576,445.0,8.5362,8.5082,36521.0,3.657089,0.069,0.0169,99.5781,0.00018191,0.0,0.5034,0.5139,0.0579,0.1172,4.6324,0.0,0.0097,0.0,0.5024,0.513,34.5847,34.6653,26.8734,26.9409,0.9590000000000001,1.07,0.32799999999999996,0.366,False
449.148,2019-10-06 22:48:57,16796.0,699.7710000000001,-106.8514,16.78576,446.0,8.5281,8.5007,36513.0,3.656461,0.0715,0.0168,99.5806,0.00020198,0.0,0.5035,0.514,0.0582,0.1172,4.6325,0.0,0.0098,0.0,0.5025,0.5132,34.5847,34.6655,26.8746,26.9423,1.023,1.12,0.35100000000000003,0.384,False
450.157,2019-10-06 22:48:57,16822.0,700.8610000000001,-106.8514,16.78576,447.0,8.5195,8.4924,36505.0,3.6556839999999995,0.0682,0.0173,99.5697,0.00018905,0.0,0.5032,0.514,0.0578,0.1172,4.632,0.0,0.0097,0.0,0.5026,0.5131,34.5842,34.6649,26.8756,26.9431,0.948,1.055,0.325,0.361,False
451.165,2019-10-06 22:48:57,16854.0,702.216,-106.8514,16.78576,448.0,8.5133,8.485,36501.0,3.6549940000000003,0.0686,0.0179,99.5546,0.00020319,0.0,0.5032,0.5137,0.0579,0.117,4.6313,0.0,0.0098,0.0,0.5026,0.5134,34.5846,34.6645,26.8769,26.9439,1.083,1.109,0.371,0.38,False
452.173,2019-10-06 22:48:57,16896.0,703.938,-106.8514,16.78576,449.0,8.5055,8.4761,36494.0,3.6541980000000005,0.0687,0.0178,99.5574,0.0001945,0.0,0.5033,0.5138,0.0579,0.1171,4.6314,0.0,0.0097,0.0,0.5027,0.5131,34.5845,34.6643,26.878,26.9452,0.9990000000000001,1.07,0.342,0.366,False
453.181,2019-10-06 22:48:57,16935.0,705.581,-106.85141999999999,16.78576,450.0,8.4839,8.4535,36473.0,3.6522360000000003,0.0646,0.0172,99.5719,0.00020344,0.0,0.5033,0.514,0.0575,0.1171,4.6321,0.0,0.0098,0.0,0.5025,0.5133,34.5835,34.6652,26.8806,26.9493,0.907,1.045,0.31,0.35700000000000004,False
454.189,2019-10-06 22:48:57,16962.0,706.69,-106.85141999999999,16.78576,451.0,8.4679,8.4397,36458.0,3.6508580000000004,0.0678,0.0174,99.5676,0.00020334,0.0,0.5034,0.5137,0.0578,0.1171,4.6319,0.0,0.0098,0.0,0.5025,0.5128,34.5827,34.6637,26.8824,26.9503,0.9690000000000001,1.03,0.331,0.35200000000000004,False
455.19699999999995,2019-10-06 22:48:57,16983.0,707.567,-106.85141999999999,16.78576,452.0,8.4604,8.4325,36451.0,3.65014,0.07,0.0168,99.5809,0.00020334,0.0,0.5033,0.5138,0.058,0.1172,4.6325,0.0,0.0098,0.0,0.5025,0.5135,34.5823,34.6626,26.8833,26.9506,0.993,1.176,0.34,0.402,False
456.20599999999996,2019-10-06 22:48:57,17002.0,708.362,-106.85141999999999,16.78576,453.0,8.458,8.43,36449.0,3.64995,0.0853,0.0169,99.5792,0.00020334,0.0,0.5035,0.5139,0.0595,0.118,4.6324,0.0,0.0098,0.0,0.5025,0.513,34.582,34.6626,26.8835,26.951,0.943,1.003,0.322,0.34299999999999997,False
457.214,2019-10-06 22:48:57,17021.0,709.155,-106.85141999999999,16.78576,454.0,8.4535,8.4256,36445.0,3.6495629999999997,0.0788,0.0177,99.5603,0.00019399,0.0,0.5032,0.5139,0.0589,0.1182,4.6316,0.0,0.0097,0.0,0.5024,0.5131,34.5818,34.6624,26.884,26.9515,0.976,1.061,0.33399999999999996,0.363,False
458.222,2019-10-06 22:48:57,17043.0,710.091,-106.8514,16.78576,455.0,8.4499,8.4221,36443.0,3.649259,0.0691,0.0173,99.5689,0.00019517,0.0,0.5032,0.5135,0.0579,0.1168,4.632,0.0,0.0097,0.0,0.5025,0.5131,34.5824,34.6621,26.885,26.9518,1.0,1.078,0.342,0.368,False
459.23,2019-10-06 22:48:57,17075.0,711.425,-106.8514,16.78576,456.0,8.4462,8.4184,36440.0,3.648939,0.0703,0.0173,99.5677,0.00019266,0.0,0.5032,0.5139,0.058,0.1168,4.6319,0.0,0.0097,0.0,0.5025,0.5132,34.5823,34.6619,26.8855,26.9522,1.012,1.032,0.34600000000000003,0.35200000000000004,False
460.23800000000006,2019-10-06 22:48:57,17113.0,713.002,-106.8514,16.78576,457.0,8.4372,8.409,36432.0,3.648106,0.0678,0.0168,99.5799,0.00020396,0.0,0.5031,0.5138,0.0578,0.1172,4.6325,0.0,0.0098,0.0,0.5025,0.513,34.5821,34.6618,26.8868,26.9536,0.987,1.084,0.337,0.37,False
461.24699999999996,2019-10-06 22:48:57,17141.0,714.173,-106.8514,16.78576,458.0,8.4343,8.4065,36429.0,3.647876,0.0707,0.0172,99.5704,0.00019437,0.0,0.5032,0.5138,0.0581,0.1172,4.632,0.0,0.0097,0.0,0.5026,0.5132,34.5819,34.6613,26.8871,26.9536,0.945,1.113,0.32299999999999995,0.38,False
462.255,2019-10-06 22:48:57,17164.0,715.1089999999999,-106.8514,16.78576,459.0,8.4308,8.403,36426.0,3.6476129999999998,0.0706,0.016,99.6,0.00019406,0.0,0.5032,0.5137,0.0581,0.1171,4.6334,0.0,0.0097,0.0,0.5024,0.5131,34.5818,34.6616,26.8875,26.9544,0.929,0.9159999999999999,0.317,0.313,False
463.26300000000003,2019-10-06 22:48:57,17185.0,715.9960000000001,-106.8514,16.78576,460.0,8.4261,8.3982,36422.0,3.647175,0.07,0.0168,99.5817,0.00020351,0.0,0.5033,0.5136,0.058,0.1172,4.6325,0.0,0.0098,0.0,0.5024,0.5128,34.5816,34.6612,26.8881,26.9548,1.013,1.054,0.34600000000000003,0.36,False
464.27099999999996,2019-10-06 22:48:57,17207.0,716.918,-106.8514,16.78576,461.0,8.4241,8.3964,36421.0,3.6470239999999996,0.0665,0.0167,99.5842,0.00019448,0.0,0.5033,0.5136,0.0577,0.1171,4.6327,0.0,0.0097,0.0,0.5026,0.513,34.5813,34.6609,26.8882,26.9549,1.034,1.06,0.353,0.36200000000000004,False
465.279,2019-10-06 22:48:57,17231.0,717.925,-106.8514,16.78576,462.0,8.4235,8.3957,36421.0,3.647,0.0666,0.0168,99.5818,0.0002038,0.0,0.5032,0.514,0.0577,0.1172,4.6325,0.0,0.0098,0.0,0.5027,0.5131,34.5813,34.6608,26.8883,26.9549,1.0590000000000002,1.206,0.36200000000000004,0.41200000000000003,False
466.288,2019-10-06 22:48:57,17257.0,718.988,-106.8514,16.78576,463.0,8.4221,8.3943,36420.0,3.6469120000000004,0.0648,0.0168,99.5818,0.00020334,0.0,0.5031,0.5134,0.0575,0.1171,4.6325,0.0,0.0098,0.0,0.5026,0.5133,34.5812,34.6608,26.8885,26.9552,1.001,1.047,0.342,0.358,False
467.296,2019-10-06 22:48:57,17283.0,720.0889999999999,-106.8514,16.78576,464.0,8.4155,8.3874,36414.0,3.646371,0.0639,0.0168,99.5808,0.00019605,0.0,0.5032,0.5137,0.0574,0.1171,4.6325,0.0,0.0098,0.0,0.5026,0.513,34.5811,34.6614,26.8894,26.9567,0.9209999999999999,0.976,0.314,0.33299999999999996,False
468.30400000000003,2019-10-06 22:48:57,17311.0,721.2339999999999,-106.8514,16.78576,465.0,8.4013,8.3731,36401.0,3.645075,0.0639,0.0167,99.5826,0.00018904,0.0,0.5033,0.5136,0.0574,0.1172,4.6326,0.0,0.0097,0.0,0.5024,0.5129,34.5807,34.6612,26.8913,26.9587,0.948,1.074,0.324,0.366,False
469.31199999999995,2019-10-06 22:48:57,17340.0,722.454,-106.8514,16.78576,466.0,8.3905,8.3624,36391.0,3.6440620000000004,0.0666,0.0176,99.5617,0.00019618,0.0,0.5032,0.5139,0.0577,0.1172,4.6316,0.0,0.0098,0.0,0.5025,0.5132,34.5803,34.6604,26.8927,26.9598,1.053,1.117,0.359,0.381,False
470.32,2019-10-06 22:48:57,17370.0,723.711,-106.8514,16.78576,467.0,8.3712,8.3428,36372.0,3.642296,0.0663,0.0168,99.5809,0.00020336,0.0,0.5033,0.5137,0.0576,0.1172,4.6325,0.0,0.0098,0.0,0.5026,0.5131,34.5791,34.6605,26.8947,26.9629,0.988,0.998,0.337,0.34,False
471.329,2019-10-06 22:48:57,17401.0,724.98,-106.8514,16.78576,468.0,8.3584,8.3304,36360.0,3.6410449999999996,0.0663,0.0168,99.58,0.00020334,0.0,0.5032,0.5135,0.0576,0.1172,4.6325,0.0,0.0098,0.0,0.5025,0.5128,34.5785,34.6589,26.8961,26.9635,0.982,1.05,0.335,0.358,False
472.337,2019-10-06 22:48:57,17431.0,726.268,-106.8514,16.78576,469.0,8.3538,8.3257,36357.0,3.6406440000000004,0.0663,0.0168,99.5808,0.00019657,0.0,0.5033,0.5138,0.0576,0.1172,4.6325,0.0,0.0098,0.0,0.5025,0.5132,34.579,34.6588,26.8973,26.9641,0.9620000000000001,1.202,0.32799999999999996,0.41,False
473.345,2019-10-06 22:48:57,17460.0,727.461,-106.8514,16.78576,470.0,8.3396,8.3115,36343.0,3.6394089999999997,0.0667,0.0168,99.5798,0.0001955,0.0,0.5032,0.5135,0.0577,0.1172,4.6325,0.0,0.0097,0.0,0.5024,0.5134,34.5779,34.6592,26.8986,26.9666,0.934,1.028,0.319,0.35,False
474.35400000000004,2019-10-06 22:48:57,17485.0,728.518,-106.8514,16.78576,471.0,8.3215,8.2925,36327.0,3.6377650000000004,0.067,0.0166,99.5854,0.00019484,0.0,0.5033,0.5134,0.0577,0.1171,4.6327,0.0,0.0097,0.0,0.5024,0.5129,34.5777,34.6599,26.9012,26.97,1.0070000000000001,0.981,0.34299999999999997,0.335,False
475.36199999999997,2019-10-06 22:48:57,17508.0,729.461,-106.8514,16.78576,472.0,8.3007,8.2727,36308.0,3.635765,0.0668,0.0158,99.6054,0.0001936,0.0,0.5033,0.5139,0.0577,0.1171,4.6336,0.0,0.0097,0.0,0.5025,0.5132,34.5771,34.6576,26.9039,26.9713,0.96,1.13,0.327,0.385,False
476.37,2019-10-06 22:48:57,17528.0,730.293,-106.8514,16.78576,473.0,8.2977,8.2699,36305.0,3.6354699999999998,0.0652,0.0158,99.6056,0.00020337,0.0,0.5031,0.5138,0.0575,0.117,4.6336,0.0,0.0098,0.0,0.5024,0.513,34.5768,34.6568,26.9041,26.9711,1.03,1.046,0.35100000000000003,0.35600000000000004,False
477.37800000000004,2019-10-06 22:48:57,17547.0,731.08,-106.8514,16.78576,474.0,8.2944,8.2668,36302.0,3.63524,0.0684,0.0157,99.607,0.00016073,0.0,0.5032,0.514,0.0578,0.1171,4.6337,0.0,0.0095,0.0,0.5027,0.5133,34.5765,34.6569,26.9044,26.9717,1.192,1.1159999999999999,0.406,0.38,False
478.38699999999994,2019-10-06 22:48:57,17566.0,731.8760000000001,-106.8514,16.78576,475.0,8.2875,8.2585,36296.0,3.634582,0.0684,0.0157,99.607,0.00019266,0.0,0.5031,0.5135,0.0578,0.1171,4.6337,0.0,0.0097,0.0,0.5027,0.513,34.5763,34.6576,26.9053,26.9735,1.097,1.071,0.374,0.365,False
479.395,2019-10-06 22:48:57,17588.0,732.802,-106.8514,16.78576,476.0,8.2618,8.2342,36272.0,3.632451,0.0645,0.0157,99.6061,0.00018842,0.0,0.5032,0.5138,0.0575,0.1178,4.6337,0.0,0.0097,0.0,0.5027,0.5132,34.5757,34.6583,26.9087,26.9778,0.9209999999999999,1.088,0.314,0.37,False
480.403,2019-10-06 22:48:57,17620.0,734.117,-106.8514,16.78576,477.0,8.2094,8.1795,36223.0,3.6273769999999996,0.0671,0.0164,99.5899,0.00018691,0.0,0.5032,0.5137,0.0577,0.1172,4.6329,0.0,0.0097,0.0,0.5027,0.513,34.5738,34.6576,26.9152,26.9855,1.068,1.0270000000000001,0.363,0.349,False
481.412,2019-10-06 22:48:57,17662.0,735.883,-106.8514,16.78576,478.0,8.1546,8.1255,36170.0,3.622046,0.0671,0.0168,99.5804,0.0001687,0.0,0.5035,0.5137,0.0577,0.1177,4.6325,0.0,0.0096,0.0,0.5026,0.513,34.5713,34.6536,26.9214,26.9904,0.937,1.1059999999999999,0.318,0.375,False
482.42,2019-10-06 22:48:57,17697.0,737.3489999999999,-106.8514,16.78576,479.0,8.1358,8.1065,36152.0,3.620276,0.0681,0.0168,99.5808,0.00018281,0.0,0.5034,0.5136,0.0578,0.1172,4.6325,0.0,0.0097,0.0,0.5025,0.5132,34.5703,34.6529,26.9235,26.9927,1.087,1.129,0.369,0.38299999999999995,False
483.42900000000003,2019-10-06 22:48:57,17725.0,738.4810000000001,-106.8514,16.78575,480.0,8.1071,8.0782,36126.0,3.6176550000000005,0.0652,0.0167,99.5843,0.00015022,0.0,0.5034,0.5138,0.0575,0.1172,4.6327,0.0,0.0095,0.0,0.5029,0.5132,34.5695,34.6523,26.9272,26.9966,1.177,1.109,0.39899999999999997,0.376,False
484.43699999999995,2019-10-06 22:48:57,17748.0,739.454,-106.8514,16.78574,481.0,8.0881,8.0596,36108.0,3.615883,0.0659,0.0168,99.5807,0.00017991,0.0,0.5033,0.5135,0.0576,0.1182,4.6325,0.0,0.0097,0.0,0.5027,0.5134,34.5692,34.6513,26.9298,26.9985,0.975,1.185,0.33,0.401,False
485.445,2019-10-06 22:48:57,17770.0,740.3639999999999,-106.8514,16.78574,482.0,8.0413,8.0108,36064.0,3.6118580000000002,0.0662,0.0167,99.582,0.00014562,0.0,0.5033,0.5138,0.0576,0.1172,4.6326,0.0,0.0094,0.0,0.5027,0.5134,34.5675,34.656,26.9355,27.0095,1.0090000000000001,1.057,0.342,0.358,False
486.45300000000003,2019-10-06 22:48:57,17791.0,741.2330000000001,-106.8514,16.78576,483.0,7.9614,7.9287,35988.0,3.6040550000000002,0.0639,0.0163,99.594,0.00015254,0.0,0.5032,0.514,0.0574,0.1171,4.6331,0.0,0.0095,0.0,0.5027,0.5131,34.565,34.653,26.9453,27.0193,0.9129999999999999,0.9420000000000001,0.309,0.319,False
487.462,2019-10-06 22:48:57,17811.0,742.09,-106.8514,16.78576,484.0,7.9245,7.8954,35954.0,3.600518,0.0639,0.0154,99.6142,0.0001945,0.0,0.5037,0.5138,0.0574,0.1171,4.634,0.0,0.0097,0.0,0.5025,0.513,34.5642,34.6475,26.9501,27.0199,0.951,1.126,0.321,0.38,False
488.47,2019-10-06 22:48:57,17832.0,742.9680000000001,-106.8514,16.78576,485.0,7.9044,7.8763,35935.0,3.5986550000000004,0.0644,0.0159,99.6023,0.00016771,0.0,0.5035,0.514,0.0575,0.1171,4.6335,0.0,0.0096,0.0,0.5025,0.5132,34.5633,34.6459,26.9525,27.0215,0.95,0.99,0.321,0.33399999999999996,False
489.478,2019-10-06 22:48:57,17856.0,743.9680000000001,-106.8514,16.78576,486.0,7.894,7.8663,35926.0,3.597626,0.0653,0.016,99.5991,0.00015698,0.0,0.5034,0.514,0.0575,0.1171,4.6333,0.0,0.0095,0.0,0.5025,0.5128,34.563,34.6443,26.9538,27.0217,1.015,1.034,0.342,0.349,False
490.48699999999997,2019-10-06 22:48:57,17887.0,745.243,-106.8514,16.78576,487.0,7.8888,7.8615,35922.0,3.597171,0.0646,0.0155,99.6132,0.00015126,0.0,0.5033,0.5136,0.0575,0.1177,4.634,0.0,0.0095,0.0,0.5025,0.513,34.5631,34.6437,26.9546,27.022,0.9740000000000001,1.028,0.32899999999999996,0.34700000000000003,False
491.495,2019-10-06 22:48:57,17928.0,746.944,-106.8514,16.78575,488.0,7.8849,7.8582,35919.0,3.5969059999999997,0.065,0.0162,99.5961,0.00015809,0.0,0.5032,0.5135,0.0575,0.1172,4.6332,0.0,0.0095,0.0,0.5024,0.5127,34.5634,34.6436,26.9554,27.0224,0.965,0.99,0.325,0.33399999999999996,False
492.50300000000004,2019-10-06 22:48:57,17967.0,748.573,-106.8514,16.78574,489.0,7.8807,7.8525,35916.0,3.5964339999999995,0.0639,0.0157,99.6071,0.00015247,0.0,0.5032,0.5137,0.0574,0.1172,4.6337,0.0,0.0095,0.0,0.5024,0.5126,34.5638,34.6436,26.9564,27.0233,1.013,0.958,0.342,0.32299999999999995,False
493.51199999999994,2019-10-06 22:48:57,17994.0,749.7180000000001,-106.8514,16.78574,490.0,7.8747,7.847,35910.0,3.595997,0.065,0.0158,99.6046,0.00011927,0.0,0.5031,0.5133,0.0575,0.1171,4.6336,0.0,0.0093,0.0,0.5025,0.513,34.5634,34.6439,26.957,27.0243,1.001,1.149,0.33799999999999997,0.38799999999999996,False
494.52,2019-10-06 22:48:57,18015.0,750.576,-106.8514,16.78574,491.0,7.8728,7.8452,35909.0,3.595817,0.0767,0.0162,99.596,0.00012837,0.0,0.5031,0.5133,0.0587,0.1171,4.6332,0.0,0.0093,0.0,0.5024,0.5128,34.5635,34.6433,26.9574,27.0241,1.016,0.995,0.34299999999999997,0.336,False
495.528,2019-10-06 22:48:57,18033.0,751.345,-106.8514,16.78574,492.0,7.8718,7.844,35909.0,3.595761,0.0848,0.0167,99.5839,9.0821e-05,0.0,0.5031,0.5135,0.0595,0.1173,4.6326,0.0,0.0091,0.0,0.5026,0.5128,34.5639,34.6434,26.9578,27.0245,1.0959999999999999,1.129,0.37,0.381,False
496.537,2019-10-06 22:48:57,18051.0,752.072,-106.8514,16.78574,493.0,7.8701,7.8422,35908.0,3.595657,0.0649,0.0166,99.5854,0.00010737,0.0,0.5031,0.5132,0.0575,0.1183,4.6327,0.0,0.0092,0.0,0.5026,0.5131,34.5638,34.6436,26.958,27.0249,0.95,1.145,0.32,0.386,False
497.545,2019-10-06 22:48:57,18068.0,752.799,-106.8514,16.78574,494.0,7.8667,7.8389,35905.0,3.595411,0.0659,0.0165,99.588,9.070399999999999e-05,0.0,0.5032,0.5134,0.0576,0.1175,4.6328,0.0,0.0091,0.0,0.5024,0.5129,34.5636,34.6438,26.9584,27.0255,0.948,1.07,0.32,0.361,False
498.55400000000003,2019-10-06 22:48:57,18087.0,753.5980000000001,-106.8514,16.78574,495.0,7.862,7.8346,35901.0,3.5950349999999998,0.0645,0.0156,99.6095,0.00011168,0.0,0.5032,0.5135,0.0575,0.1171,4.6338,0.0,0.0092,0.0,0.5025,0.5132,34.5636,34.6435,26.9591,27.0259,1.038,0.9440000000000001,0.35,0.318,False
499.56199999999995,2019-10-06 22:48:57,18111.0,754.5989999999999,-106.8514,16.78574,496.0,7.8575,7.8303,35897.0,3.5946839999999995,0.0651,0.0156,99.6088,9.1671e-05,0.0,0.5032,0.5133,0.0575,0.1171,4.6338,0.0,0.0091,0.0,0.5024,0.5126,34.5634,34.6435,26.9596,27.0265,0.9390000000000001,0.9570000000000001,0.317,0.32299999999999995,False
500.57,2019-10-06 22:48:57,18147.0,756.071,-106.8514,16.78575,497.0,7.8547,7.8272,35895.0,3.5944059999999998,0.0648,0.0156,99.6096,0.00014337,0.0,0.5032,0.5136,0.0575,0.1171,4.6338,0.0,0.0094,0.0,0.5025,0.5127,34.5637,34.6431,26.9603,27.0267,1.048,1.0290000000000001,0.353,0.34700000000000003,False
501.579,2019-10-06 22:48:57,18192.0,757.954,-106.8514,16.78576,498.0,7.8489,7.8215,35891.0,3.593923,0.065,0.0157,99.6075,0.00012202,0.0,0.5032,0.5133,0.0575,0.1172,4.6337,0.0,0.0093,0.0,0.5025,0.5129,34.5639,34.6431,26.9613,27.0276,0.992,1.12,0.33399999999999996,0.37799999999999995,False
502.587,2019-10-06 22:48:57,18229.0,759.4960000000001,-106.8514,16.78576,499.0,7.8458,7.8177,35888.0,3.5936470000000003,0.063,0.0156,99.6088,0.00011092,0.0,0.5031,0.5133,0.0573,0.1172,4.6338,0.0,0.0092,0.0,0.5025,0.5127,34.5637,34.6434,26.9616,27.0283,0.96,0.764,0.324,0.257,False
503.596,2019-10-06 22:48:57,18256.0,760.638,-106.8514,16.78575,500.0,7.8331,7.8057,35877.0,3.592579,0.0668,0.0151,99.6226,0.00013356,0.0,0.5033,0.5134,0.0577,0.1181,4.6344,0.0,0.0094,0.0,0.5024,0.5125,34.5634,34.6433,26.9632,27.03,1.0090000000000001,1.128,0.34,0.38,False
504.60400000000004,2019-10-06 22:48:57,18279.0,761.6030000000001,-106.8514,16.78574,501.0,7.8284,7.8006,35873.0,3.59214,0.0627,0.0155,99.6131,0.00011586,0.0,0.5031,0.5137,0.0573,0.1172,4.634,0.0,0.0092,0.0,0.5025,0.5128,34.5633,34.6431,26.9639,27.0307,0.9690000000000001,0.914,0.326,0.308,False
505.61199999999997,2019-10-06 22:48:57,18301.0,762.4889999999999,-106.8514,16.78574,502.0,7.8223,7.7945,35867.0,3.5915809999999997,0.0639,0.0155,99.6118,0.00012954,0.0,0.5033,0.5136,0.0574,0.1179,4.6339,0.0,0.0093,0.0,0.5024,0.5124,34.5632,34.6427,26.9647,27.0313,1.0170000000000001,1.078,0.34299999999999997,0.363,False
506.621,2019-10-06 22:48:57,18322.0,763.363,-106.8514,16.78574,503.0,7.8177,7.7901,35863.0,3.591207,0.065,0.0154,99.6157,0.00013548,0.0,0.5032,0.5129,0.0575,0.1175,4.6341,0.0,0.0094,0.0,0.5025,0.513,34.563,34.6426,26.9652,27.0318,1.0070000000000001,1.123,0.33899999999999997,0.37799999999999995,False
507.629,2019-10-06 22:48:57,18343.0,764.2560000000001,-106.8514,16.78574,504.0,7.8119,7.7842,35858.0,3.5906919999999998,0.0656,0.0152,99.6194,0.0001169,0.0,0.5032,0.5133,0.0576,0.1172,4.6343,0.0,0.0092,0.0,0.5025,0.5128,34.5628,34.6424,26.9659,27.0326,0.986,1.016,0.332,0.342,False
508.63800000000003,2019-10-06 22:48:57,18366.0,765.21,-106.8514,16.78574,505.0,7.8044,7.7766,35852.0,3.590043,0.0639,0.0156,99.6094,9.3673e-05,0.0,0.5032,0.5132,0.0574,0.1171,4.6338,0.0,0.0091,0.0,0.5025,0.5128,34.5626,34.6424,26.9669,27.0337,0.985,0.997,0.332,0.336,False
509.64599999999996,2019-10-06 22:48:57,18390.0,766.2289999999999,-106.8514,16.78576,506.0,7.7957,7.7681,35844.0,3.5892699999999995,0.0663,0.0157,99.606,0.00012938,0.0,0.5032,0.5133,0.0576,0.1173,4.6337,0.0,0.0093,0.0,0.5024,0.5126,34.5623,34.6421,26.968,27.0347,0.99,1.034,0.33299999999999996,0.348,False
510.655,2019-10-06 22:48:57,18417.0,767.3510000000001,-106.8514,16.78576,507.0,7.7882,7.7607,35837.0,3.588596,0.0652,0.0161,99.5973,9.8841e-05,0.0,0.5031,0.5134,0.0575,0.1182,4.6333,0.0,0.0091,0.0,0.5025,0.5129,34.5623,34.6417,26.969,27.0354,1.037,1.069,0.349,0.36,False
511.663,2019-10-06 22:48:57,18447.0,768.5880000000001,-106.8514,16.78576,508.0,7.7795,7.7519,35830.0,3.5878400000000004,0.0677,0.016,99.5989,8.409e-05,0.0,0.5031,0.5135,0.0578,0.1177,4.6333,0.0,0.009,0.0,0.5024,0.5126,34.562,34.6418,26.9701,27.0368,0.97,0.871,0.327,0.293,False
512.6709999999999,2019-10-06 22:48:57,18475.0,769.7610000000001,-106.8514,16.78576,509.0,7.7707,7.7433,35822.0,3.587042,0.0648,0.0156,99.6103,0.0001102,0.0,0.5031,0.5133,0.0575,0.1171,4.6339,0.0,0.0092,0.0,0.5024,0.5129,34.5619,34.6413,26.9713,27.0377,0.992,1.171,0.33399999999999996,0.39399999999999996,False
513.68,2019-10-06 22:48:57,18500.0,770.788,-106.8514,16.78576,510.0,7.7625,7.7347,35814.0,3.5863300000000002,0.067,0.0153,99.617,0.00011876,0.0,0.5032,0.5136,0.0577,0.1171,4.6342,0.0,0.0093,0.0,0.5025,0.5126,34.5615,34.6415,26.9722,27.0392,0.99,0.9890000000000001,0.33299999999999996,0.33299999999999996,False
514.688,2019-10-06 22:48:57,18523.0,771.7410000000001,-106.8514,16.78576,511.0,7.7516,7.7241,35805.0,3.585357,0.0639,0.0152,99.6207,0.0001062,0.0,0.5032,0.5132,0.0574,0.1171,4.6343,0.0,0.0092,0.0,0.5025,0.5129,34.5612,34.6412,26.9736,27.0405,1.067,0.956,0.359,0.322,False
515.697,2019-10-06 22:48:57,18549.0,772.847,-106.8514,16.78576,512.0,7.7389,7.7112,35792.0,3.584199,0.065,0.0155,99.6115,0.00010794,0.0,0.5031,0.5133,0.0575,0.1171,4.6339,0.0,0.0092,0.0,0.5025,0.5128,34.5601,34.641,26.9746,27.0422,0.9670000000000001,1.0590000000000002,0.325,0.35600000000000004,False
516.705,2019-10-06 22:48:57,18586.0,774.3939999999999,-106.8514,16.78576,513.0,7.7274,7.7001,35782.0,3.583114,0.0645,0.015,99.6253,0.00012233,0.0,0.5031,0.5135,0.0575,0.1173,4.6345,0.0,0.0093,0.0,0.5025,0.5125,34.5598,34.6398,26.976,27.0429,1.022,0.965,0.344,0.324,False
517.714,2019-10-06 22:48:57,18630.0,776.19,-106.8514,16.78576,514.0,7.7224,7.695,35778.0,3.582639,0.0646,0.0151,99.6229,9.4614e-05,0.0,0.5032,0.5132,0.0575,0.1177,4.6344,0.0,0.0091,0.0,0.5025,0.5125,34.5605,34.6393,26.9773,27.0433,0.988,0.892,0.332,0.3,False
518.722,2019-10-06 22:48:57,18658.0,777.3710000000001,-106.8514,16.78576,515.0,7.7135,7.6854,35770.0,3.5820019999999997,0.0655,0.0153,99.6171,8.8176e-05,0.0,0.5031,0.5131,0.0576,0.1171,4.6342,0.0,0.0091,0.0,0.5024,0.5125,34.56,34.6415,26.9782,27.0464,0.993,1.099,0.33399999999999996,0.369,False
519.731,2019-10-06 22:48:57,18677.0,778.187,-106.8514,16.78576,516.0,7.6877,7.6601,35746.0,3.579587,0.0653,0.0157,99.6067,0.00012038,0.0,0.5031,0.5131,0.0575,0.1172,4.6337,0.0,0.0093,0.0,0.5025,0.5128,34.5589,34.64,26.9811,27.0489,1.0390000000000001,1.0759999999999998,0.349,0.36200000000000004,False
520.739,2019-10-06 22:48:57,18694.0,778.8639999999999,-106.8514,16.78576,517.0,7.6832,7.6554,35742.0,3.5791239999999998,0.067,0.0157,99.607,0.0001272,0.0,0.5033,0.5136,0.0577,0.1172,4.6337,0.0,0.0093,0.0,0.5024,0.5127,34.5587,34.6393,26.9816,27.049,1.055,0.982,0.354,0.33,False
521.748,2019-10-06 22:48:57,18709.0,779.495,-106.8514,16.78576,518.0,7.677,7.6493,35737.0,3.578612,0.0647,0.0158,99.6053,9.5146e-05,0.0,0.5033,0.5131,0.0575,0.1171,4.6336,0.0,0.0091,0.0,0.5027,0.5125,34.5586,34.6393,26.9824,27.0499,1.055,0.9520000000000001,0.354,0.32,False
522.756,2019-10-06 22:48:57,18724.0,780.1289999999999,-106.8514,16.78576,519.0,7.6654,7.6368,35726.0,3.57763,0.0639,0.0154,99.6141,0.00012217,0.0,0.5032,0.5128,0.0574,0.1172,4.634,0.0,0.0093,0.0,0.5025,0.5126,34.5585,34.6405,26.9841,27.0527,0.8740000000000001,1.004,0.294,0.337,False
523.765,2019-10-06 22:48:57,18741.0,780.837,-106.8514,16.78576,520.0,7.6235,7.5937,35687.0,3.5738529999999997,0.0645,0.0158,99.6056,0.0001177,0.0,0.5031,0.5132,0.0575,0.1172,4.6336,0.0,0.0093,0.0,0.5024,0.5127,34.5569,34.642,26.9888,27.0601,0.9520000000000001,1.112,0.319,0.373,False
524.773,2019-10-06 22:48:57,18763.0,781.7689999999999,-106.8514,16.78576,521.0,7.5956,7.5678,35662.0,3.5711589999999998,0.0639,0.016,99.5998,8.85e-05,0.0,0.5032,0.5131,0.0574,0.1171,4.6334,0.0,0.0091,0.0,0.5024,0.5128,34.5567,34.6382,26.9928,27.0608,0.9890000000000001,0.96,0.331,0.322,False
525.7819999999999,2019-10-06 22:48:57,18821.0,784.148,-106.8514,16.78578,522.0,7.6034,7.5778,35669.0,3.571789,0.0648,0.0152,99.6195,9.7993e-05,0.0,0.5032,0.5133,0.0575,0.1168,4.6343,0.0,0.0091,0.0,0.5024,0.5125,34.5563,34.6347,26.9913,27.0567,1.016,0.977,0.341,0.32799999999999996,False
526.79,2019-10-06 22:48:57,18883.0,786.762,-106.8514,16.78577,523.0,7.5815,7.5539,35649.0,3.570046,0.0642,0.0152,99.6198,0.00011163,0.0,0.5031,0.513,0.0574,0.1172,4.6343,0.0,0.0092,0.0,0.5025,0.5123,34.5561,34.6391,26.9944,27.0636,0.996,0.943,0.33399999999999996,0.316,False
527.799,2019-10-06 22:48:57,18908.0,787.785,-106.8514,16.78576,524.0,7.5749,7.5476,35644.0,3.569226,0.0656,0.0148,99.6311,5.4748000000000005e-05,0.0,0.5032,0.5131,0.0576,0.1171,4.6348,0.0,0.0089,0.0,0.5025,0.5126,34.5562,34.6359,26.9954,27.062,1.07,1.193,0.358,0.4,False
528.807,2019-10-06 22:48:57,18927.0,788.581,-106.8514,16.78576,525.0,7.5687,7.5412,35638.0,3.568742,0.0654,0.0151,99.6216,0.00010278,0.0,0.5031,0.513,0.0575,0.1171,4.6344,0.0,0.0092,0.0,0.5026,0.513,34.556,34.6366,26.9961,27.0635,1.067,0.96,0.35700000000000004,0.322,False
529.816,2019-10-06 22:48:57,18943.0,789.265,-106.8514,16.78576,526.0,7.5622,7.535,35632.0,3.5681540000000003,0.0654,0.0149,99.6287,7.4901e-05,0.0,0.5032,0.5134,0.0576,0.1172,4.6347,0.0,0.009,0.0,0.5025,0.5121,34.5559,34.6359,26.997,27.0639,0.9640000000000001,0.626,0.32299999999999995,0.21,False
530.8240000000001,2019-10-06 22:48:57,18959.0,789.9119999999999,-106.8514,16.78576,527.0,7.5577,7.5303,35629.0,3.567768,0.0646,0.0147,99.6334,5.0205e-05,0.0,0.5032,0.5126,0.0575,0.1171,4.6349,0.0,0.0088,0.0,0.5026,0.5123,34.5557,34.6359,26.9975,27.0646,0.982,1.0759999999999998,0.32899999999999996,0.36,False
531.8330000000001,2019-10-06 22:48:57,18974.0,790.56,-106.8514,16.78576,528.0,7.5506,7.5229,35622.0,3.5671699999999995,0.0647,0.0148,99.63,0.00011412,0.0,0.5032,0.5132,0.0575,0.1171,4.6348,0.0,0.0092,0.0,0.5025,0.5126,34.5555,34.6363,26.9983,27.0659,1.069,1.085,0.358,0.364,False
532.842,2019-10-06 22:48:57,18991.0,791.2389999999999,-106.8514,16.78576,529.0,7.5414,7.5137,35614.0,3.566368,0.0646,0.0153,99.6178,9.1457e-05,0.0,0.5031,0.5131,0.0575,0.1178,4.6342,0.0,0.0091,0.0,0.5027,0.5123,34.5554,34.6363,26.9997,27.0672,1.037,1.025,0.34700000000000003,0.34299999999999997,False
533.85,2019-10-06 22:48:57,19010.0,792.0319999999999,-106.8514,16.78576,530.0,7.5235,7.4955,35598.0,3.564767,0.0645,0.015,99.6252,0.00011456,0.0,0.5033,0.5135,0.0575,0.1181,4.6345,0.0,0.0092,0.0,0.5024,0.5129,34.5551,34.6366,27.002,27.0701,0.893,1.11,0.299,0.37200000000000005,False
534.859,2019-10-06 22:48:57,19038.0,793.2180000000001,-106.85138,16.78576,531.0,7.5061,7.4789,35583.0,3.5631760000000003,0.0642,0.0151,99.6239,6.4519e-05,0.0,0.5032,0.5128,0.0574,0.1175,4.6345,0.0,0.0089,0.0,0.5024,0.5124,34.555,34.6354,27.0044,27.0715,0.992,0.84,0.332,0.281,False
535.867,2019-10-06 22:48:57,19081.0,795.0,-106.85138,16.78576,532.0,7.4875,7.4603,35565.0,3.5614470000000003,0.0771,0.0153,99.6171,7.7878e-05,0.0,0.5032,0.5133,0.0587,0.1171,4.6342,0.0,0.009,0.0,0.5024,0.5123,34.5544,34.6347,27.0066,27.0736,1.021,0.938,0.342,0.314,False
536.876,2019-10-06 22:48:57,19122.0,796.7,-106.85138,16.78576,533.0,7.4731,7.4459,35552.0,3.5600959999999997,0.0647,0.0152,99.6213,8.132e-05,0.0,0.5031,0.5129,0.0575,0.118,4.6344,0.0,0.009,0.0,0.5024,0.5123,34.5543,34.6339,27.0085,27.0751,0.996,0.946,0.33299999999999996,0.316,False
537.885,2019-10-06 22:48:57,19154.0,798.0269999999999,-106.85138,16.78576,534.0,7.4681,7.4409,35548.0,3.5596879999999995,0.0643,0.0148,99.6305,7.9877e-05,0.0,0.5031,0.513,0.0574,0.1171,4.6348,0.0,0.009,0.0,0.5025,0.5122,34.554,34.6339,27.009,27.0758,1.031,0.938,0.345,0.314,False
538.893,2019-10-06 22:48:57,19180.0,799.115,-106.85138,16.78576,535.0,7.4525,7.4245,35534.0,3.558357,0.0649,0.0153,99.6187,9.7451e-05,0.0,0.5031,0.5128,0.0575,0.1172,4.6342,0.0,0.0091,0.0,0.5024,0.5123,34.5538,34.6353,27.0111,27.0793,0.98,0.9059999999999999,0.327,0.303,False
539.9019999999999,2019-10-06 22:48:57,19205.0,800.171,-106.85138,16.78576,536.0,7.426,7.3983,35510.0,3.555915,0.0644,0.0152,99.6201,8.6211e-05,0.0,0.5031,0.513,0.0574,0.1174,4.6343,0.0,0.0091,0.0,0.5024,0.5119,34.5536,34.6344,27.0147,27.0822,1.002,0.878,0.335,0.293,False
540.91,2019-10-06 22:48:57,19232.0,801.311,-106.85138,16.78576,537.0,7.4158,7.3886,35501.0,3.5549199999999996,0.0639,0.0148,99.6295,9.1051e-05,0.0,0.5032,0.5128,0.0574,0.1178,4.6347,0.0,0.0091,0.0,0.5024,0.5122,34.5532,34.6328,27.0159,27.0824,1.04,0.987,0.34700000000000003,0.33,False
541.919,2019-10-06 22:48:57,19260.0,802.4580000000001,-106.85138,16.78576,538.0,7.4122,7.3849,35498.0,3.554617,0.0639,0.0147,99.6333,7.3202e-05,0.0,0.5031,0.5128,0.0574,0.1172,4.6349,0.0,0.009,0.0,0.5025,0.5125,34.553,34.6326,27.0163,27.0828,1.006,0.982,0.336,0.32799999999999996,False
542.927,2019-10-06 22:48:57,19283.0,803.425,-106.85138,16.78576,539.0,7.3978,7.3696,35485.0,3.553406,0.0639,0.0147,99.6333,0.00013611,0.0,0.5032,0.5126,0.0574,0.1172,4.6349,0.0,0.0094,0.0,0.5024,0.5121,34.5529,34.6343,27.0183,27.0864,1.087,0.9279999999999999,0.363,0.31,False
543.936,2019-10-06 22:48:57,19302.0,804.2280000000001,-106.85138,16.78576,540.0,7.3711,7.3423,35460.0,3.550997,0.0653,0.0148,99.6318,9.041299999999999e-05,0.0,0.5031,0.513,0.0575,0.1172,4.6348,0.0,0.0091,0.0,0.5027,0.5125,34.5519,34.6348,27.0212,27.0906,1.091,1.252,0.364,0.41700000000000004,False
544.945,2019-10-06 22:48:57,19320.0,804.945,-106.85138,16.78576,541.0,7.3368,7.3067,35428.0,3.547999,0.0653,0.0148,99.6318,9.5589e-05,0.0,0.5032,0.5125,0.0575,0.118,4.6348,0.0,0.0091,0.0,0.5025,0.5128,34.5513,34.6372,27.0256,27.0975,0.852,1.014,0.284,0.33799999999999997,False
545.953,2019-10-06 22:48:57,19336.0,805.6160000000001,-106.85138,16.78576,542.0,7.2939,7.2648,35388.0,3.5439550000000004,0.0647,0.0144,99.6395,8.925e-05,0.0,0.5031,0.5132,0.0575,0.118,4.6352,0.0,0.0091,0.0,0.5024,0.5124,34.5498,34.6345,27.0305,27.1013,0.99,0.971,0.33,0.32299999999999995,False
546.962,2019-10-06 22:48:57,19353.0,806.323,-106.85138,16.78576,543.0,7.2683,7.2401,35364.0,3.5413379999999997,0.0646,0.0146,99.635,5.7919e-05,0.0,0.5032,0.5128,0.0575,0.1172,4.635,0.0,0.0089,0.0,0.5024,0.5127,34.5478,34.6302,27.0325,27.1013,1.101,1.026,0.366,0.341,False
547.97,2019-10-06 22:48:57,19374.0,807.2239999999999,-106.85138,16.78576,544.0,7.2558,7.2284,35351.0,3.54006,0.0665,0.0144,99.6406,8.0926e-05,0.0,0.5033,0.5128,0.0577,0.1172,4.6352,0.0,0.009,0.0,0.5026,0.5123,34.5466,34.6274,27.0334,27.1008,1.0190000000000001,0.8,0.33899999999999997,0.266,False
548.979,2019-10-06 22:48:57,19435.0,809.765,-106.85138,16.78576,545.0,7.2569,7.238,35353.0,3.5408459999999997,0.0642,0.015,99.6252,6.746600000000001e-05,0.0,0.5032,0.5131,0.0574,0.1175,4.6345,0.0,0.0089,0.0,0.5024,0.5123,34.5466,34.6259,27.0333,27.0983,1.001,1.003,0.33299999999999996,0.33399999999999996,False
549.988,2019-10-06 22:48:57,19489.0,811.982,-106.85138,16.78576,546.0,7.231,7.212,35330.0,3.538797,0.066,0.0161,99.5987,8.1575e-05,0.0,0.5031,0.5128,0.0576,0.1178,4.6333,0.0,0.009,0.0,0.5025,0.5124,34.5469,34.6291,27.0371,27.1045,0.997,0.94,0.331,0.313,False
550.996,2019-10-06 22:48:57,19512.0,812.9780000000001,-106.85138,16.78576,547.0,7.2147,7.1873,35315.0,3.5364370000000003,0.0639,0.0151,99.624,0.00011548,0.0,0.5031,0.513,0.0574,0.1173,4.6345,0.0,0.0092,0.0,0.5024,0.5125,34.5459,34.6275,27.0386,27.1067,1.014,1.069,0.337,0.355,False
552.005,2019-10-06 22:48:57,19532.0,813.808,-106.85138,16.78576,548.0,7.2043,7.1773,35305.0,3.5354050000000004,0.0651,0.0148,99.6303,6.5793e-05,0.0,0.5031,0.5126,0.0575,0.1183,4.6348,0.0,0.0089,0.0,0.5025,0.5125,34.5454,34.6257,27.0397,27.1067,1.023,0.89,0.34,0.29600000000000004,False
553.014,2019-10-06 22:48:57,19550.0,814.534,-106.85138,16.78576,549.0,7.2018,7.1748,35303.0,3.5352089999999996,0.0639,0.0149,99.6281,0.0001214,0.0,0.5031,0.513,0.0574,0.1172,4.6347,0.0,0.0093,0.0,0.5024,0.5121,34.5455,34.6256,27.0401,27.107,0.975,0.715,0.324,0.237,False
554.023,2019-10-06 22:48:57,19566.0,815.216,-106.85138,16.78576,550.0,7.2006,7.1736,35304.0,3.535154,0.0654,0.0152,99.6208,4.6961999999999995e-05,0.0,0.5032,0.5131,0.0575,0.1174,4.6343,0.0,0.0088,0.0,0.5024,0.5119,34.5474,34.6257,27.0418,27.1072,1.061,0.9790000000000001,0.353,0.325,False
555.031,2019-10-06 22:48:57,19582.0,815.8789999999999,-106.85138,16.78576,551.0,7.2011,7.1738,35306.0,3.535415,0.0639,0.0151,99.6234,5.0762e-05,0.0,0.5031,0.513,0.0574,0.1184,4.6344,0.0,0.0088,0.0,0.5025,0.5125,34.5482,34.6279,27.0424,27.1089,1.052,1.048,0.35,0.348,False
556.04,2019-10-06 22:48:57,19599.0,816.565,-106.85138,16.78576,552.0,7.1925,7.1651,35299.0,3.5347150000000003,0.0632,0.015,99.6255,9.447299999999999e-05,0.0,0.5031,0.5129,0.0573,0.1174,4.6345,0.0,0.0091,0.0,0.5024,0.5121,34.5482,34.6284,27.0436,27.1106,0.982,0.9279999999999999,0.326,0.308,False
557.048,2019-10-06 22:48:57,19617.0,817.3539999999999,-106.85138,16.78576,553.0,7.1706,7.1421,35278.0,3.532747,0.0639,0.0147,99.6331,8.7375e-05,0.0,0.5032,0.5131,0.0574,0.1174,4.6349,0.0,0.0091,0.0,0.5025,0.5124,34.5469,34.6295,27.0456,27.1146,1.008,1.013,0.335,0.336,False
558.057,2019-10-06 22:48:57,19652.0,818.775,-106.85138,16.78576,554.0,7.1584,7.1313,35268.0,3.531603,0.0639,0.0147,99.6333,5.9676e-05,0.0,0.5031,0.5128,0.0574,0.118,4.6349,0.0,0.0089,0.0,0.5024,0.5122,34.5475,34.6272,27.0478,27.1144,0.9990000000000001,0.907,0.332,0.301,False
559.066,2019-10-06 22:48:57,19713.0,821.314,-106.85138,16.78576,555.0,7.1523,7.1255,35263.0,3.531109,0.0642,0.0143,99.6428,8.175e-05,0.0,0.5031,0.5129,0.0574,0.1171,4.6353,0.0,0.009,0.0,0.5024,0.5122,34.5475,34.6271,27.0486,27.1151,1.016,0.9470000000000001,0.337,0.314,False
560.0740000000001,2019-10-06 22:48:57,19747.0,822.7410000000001,-106.85138,16.78576,556.0,7.1455,7.1186,35257.0,3.5305190000000004,0.0644,0.0138,99.6556,3.881e-05,0.0,0.5031,0.5128,0.0574,0.1171,4.6359,0.0,0.0087,0.0,0.5025,0.5119,34.5472,34.6272,27.0494,27.1161,1.0659999999999998,0.895,0.354,0.297,False
561.0830000000001,2019-10-06 22:48:57,19769.0,823.653,-106.85138,16.78576,557.0,7.1416,7.1149,35254.0,3.5302339999999997,0.0652,0.0138,99.654,3.2211e-05,0.0,0.5031,0.5126,0.0575,0.1171,4.6358,0.0,0.0087,0.0,0.5024,0.5123,34.5475,34.6273,27.0502,27.1167,1.03,1.117,0.342,0.371,False
562.092,2019-10-06 22:48:57,19787.0,824.426,-106.85138,16.78576,558.0,7.1336,7.106,35247.0,3.5295699999999997,0.0639,0.0146,99.6365,8.9505e-05,0.0,0.5031,0.5131,0.0574,0.1172,4.635,0.0,0.0091,0.0,0.5026,0.5124,34.5476,34.6284,27.0514,27.1189,1.051,0.8,0.349,0.265,False
563.1,2019-10-06 22:48:57,19805.0,825.179,-106.85138,16.78576,559.0,7.1075,7.0789,35223.0,3.527307,0.0639,0.0143,99.6427,9.6095e-05,0.0,0.5031,0.5127,0.0574,0.1181,4.6353,0.0,0.0091,0.0,0.5024,0.5118,34.5469,34.6303,27.0545,27.1241,0.9359999999999999,0.779,0.31,0.258,False
564.109,2019-10-06 22:48:57,19825.0,825.9960000000001,-106.85138,16.78576,560.0,7.08,7.0525,35197.0,3.524686,0.0655,0.0143,99.6421,6.9347e-05,0.0,0.5031,0.5125,0.0576,0.1183,4.6353,0.0,0.0089,0.0,0.5024,0.5121,34.5458,34.6275,27.0574,27.1256,0.997,1.045,0.33,0.34600000000000003,False
565.118,2019-10-06 22:48:57,19848.0,826.9789999999999,-106.85138,16.78576,561.0,7.07,7.0429,35189.0,3.523779,0.0644,0.0147,99.6337,0.00010021,0.0,0.5032,0.5129,0.0575,0.1177,4.6349,0.0,0.0091,0.0,0.5024,0.512,34.5463,34.6267,27.0592,27.1263,1.048,0.873,0.34700000000000003,0.289,False
566.127,2019-10-06 22:48:57,19878.0,828.191,-106.85138,16.78576,562.0,7.0538,7.0268,35174.0,3.5222620000000004,0.0643,0.0147,99.6333,4.8775e-05,0.0,0.5032,0.5128,0.0574,0.1177,4.6349,0.0,0.0088,0.0,0.5025,0.5122,34.5456,34.6258,27.0609,27.1278,1.081,1.1440000000000001,0.358,0.379,False
567.135,2019-10-06 22:48:57,19907.0,829.418,-106.85138,16.78576,563.0,7.0485,7.0213,35170.0,3.5218230000000004,0.0651,0.0147,99.6333,5.4288999999999995e-05,0.0,0.5031,0.5127,0.0575,0.1183,4.6349,0.0,0.0088,0.0,0.5024,0.5125,34.546,34.626,27.062,27.1287,0.9520000000000001,0.895,0.315,0.29600000000000004,False
568.144,2019-10-06 22:48:57,19934.0,830.5239999999999,-106.85138,16.78576,564.0,7.0349,7.0079,35158.0,3.520604,0.0649,0.0147,99.6333,4.0883e-05,0.0,0.5031,0.5125,0.0575,0.1182,4.6349,0.0,0.0088,0.0,0.5024,0.5124,34.5457,34.6255,27.0636,27.1302,1.085,1.008,0.359,0.33399999999999996,False
569.153,2019-10-06 22:48:57,19958.0,831.558,-106.85138,16.78576,565.0,7.02,6.9923,35144.0,3.519314,0.0644,0.0147,99.6333,5.6546000000000004e-05,0.0,0.5032,0.5128,0.0574,0.1181,4.6349,0.0,0.0089,0.0,0.5025,0.5121,34.5452,34.6265,27.0653,27.1331,0.97,0.871,0.321,0.28800000000000003,False
570.161,2019-10-06 22:48:57,19983.0,832.595,-106.85138,16.78576,566.0,6.9886,6.9611,35115.0,3.516486,0.0639,0.0144,99.6394,4.9037e-05,0.0,0.5032,0.5132,0.0574,0.1183,4.6352,0.0,0.0088,0.0,0.5024,0.5122,34.544,34.6262,27.0686,27.1372,1.008,0.9009999999999999,0.33299999999999996,0.298,False
571.17,2019-10-06 22:48:57,20009.0,833.678,-106.85138,16.78576,567.0,6.9699,6.9433,35098.0,3.514733,0.0639,0.0144,99.6393,7.7958e-05,0.0,0.5031,0.5128,0.0574,0.1173,4.6352,0.0,0.009,0.0,0.5024,0.5122,34.5436,34.6243,27.0709,27.1382,1.018,1.07,0.337,0.353,False
572.179,2019-10-06 22:48:57,20036.0,834.805,-106.85138,16.78576,568.0,6.9614,6.9338,35091.0,3.5138839999999996,0.0639,0.014,99.6491,5.823e-05,0.0,0.5032,0.5128,0.0574,0.118,4.6356,0.0,0.0089,0.0,0.5024,0.512,34.5436,34.6241,27.0721,27.1393,1.0490000000000002,0.747,0.34700000000000003,0.247,False
573.188,2019-10-06 22:48:57,20065.0,835.992,-106.85138,16.78576,569.0,6.9519,6.9271,35082.0,3.513237,0.0643,0.0137,99.6576,5.6106999999999997e-05,0.0,0.5031,0.5128,0.0574,0.1182,4.636,0.0,0.0089,0.0,0.5024,0.512,34.5435,34.6232,27.0733,27.1396,1.02,0.8690000000000001,0.337,0.287,False
574.197,2019-10-06 22:48:57,20096.0,837.28,-106.85138,16.78576,570.0,6.9473,6.9201,35079.0,3.5126519999999997,0.0643,0.0136,99.6595,8.2804e-05,0.0,0.5031,0.5129,0.0574,0.118,4.6361,0.0,0.009,0.0,0.5024,0.5121,34.5437,34.6233,27.0741,27.1406,0.997,1.063,0.32899999999999996,0.35100000000000003,False
575.205,2019-10-06 22:48:57,20127.0,838.596,-106.85138,16.78576,571.0,6.9427,6.9161,35075.0,3.512267,0.0643,0.0136,99.6595,8.8921e-05,0.0,0.5031,0.5127,0.0574,0.1172,4.6361,0.0,0.0091,0.0,0.5024,0.5122,34.5437,34.6227,27.0748,27.1406,1.0170000000000001,0.8640000000000001,0.336,0.285,False
576.214,2019-10-06 22:48:57,20157.0,839.84,-106.85138,16.78576,572.0,6.942,6.9155,35074.0,3.5122699999999996,0.0639,0.0136,99.6595,6.7664e-05,0.0,0.5031,0.5124,0.0574,0.1171,4.6361,0.0,0.0089,0.0,0.5024,0.512,34.5433,34.6228,27.0745,27.1408,1.0170000000000001,0.9540000000000001,0.336,0.315,False
577.2230000000001,2019-10-06 22:48:57,20183.0,840.905,-106.85138,16.78576,573.0,6.9404,6.9133,35074.0,3.512137,0.0644,0.0136,99.6595,6.778e-05,0.0,0.5031,0.5127,0.0575,0.1177,4.6361,0.0,0.0089,0.0,0.5024,0.512,34.5442,34.623,27.0754,27.1413,1.002,0.743,0.331,0.24600000000000002,False
578.232,2019-10-06 22:48:57,20205.0,841.84,-106.85138,16.78576,574.0,6.9387,6.912,35073.0,3.512024,0.0639,0.014,99.6489,8.296e-05,0.0,0.5031,0.5129,0.0574,0.118,4.6356,0.0,0.009,0.0,0.5023,0.5117,34.544,34.6227,27.0755,27.1412,0.996,0.9890000000000001,0.32899999999999996,0.327,False
579.24,2019-10-06 22:48:57,20226.0,842.7280000000001,-106.85138,16.78576,575.0,6.937,6.9099,35072.0,3.51192,0.0645,0.0146,99.6349,8.7048e-05,0.0,0.5031,0.5125,0.0575,0.1181,4.635,0.0,0.0091,0.0,0.5024,0.5122,34.5443,34.6231,27.0761,27.1418,1.047,0.9670000000000001,0.34600000000000003,0.319,False
580.249,2019-10-06 22:48:57,20248.0,843.622,-106.85138,16.78576,576.0,6.934,6.9076,35070.0,3.5117309999999997,0.0662,0.0152,99.6208,8.714600000000001e-05,0.0,0.5031,0.5127,0.0576,0.1181,4.6343,0.0,0.0091,0.0,0.5024,0.5119,34.544,34.6228,27.0763,27.142,1.018,0.8,0.336,0.264,False
581.258,2019-10-06 22:48:57,20269.0,844.5189999999999,-106.85138,16.78576,577.0,6.9325,6.9067,35069.0,3.5116690000000004,0.0639,0.0147,99.6345,7.3963e-05,0.0,0.5031,0.5125,0.0574,0.1183,4.635,0.0,0.009,0.0,0.5024,0.5119,34.5439,34.6226,27.0764,27.1419,1.018,1.0090000000000001,0.336,0.33299999999999996,False
582.2669999999999,2019-10-06 22:48:57,20292.0,845.461,-106.85138,16.78576,578.0,6.9308,6.9026,35067.0,3.511394,0.0639,0.014,99.6505,4.295e-05,0.0,0.503,0.5125,0.0574,0.1173,4.6357,0.0,0.0088,0.0,0.5024,0.5121,34.5438,34.6231,27.0766,27.1429,1.0190000000000001,0.934,0.336,0.308,False
583.276,2019-10-06 22:48:57,20318.0,846.525,-106.85138,16.78576,579.0,6.9282,6.9014,35065.0,3.5112900000000002,0.0639,0.0142,99.646,8.9615e-05,0.0,0.5031,0.5127,0.0574,0.1171,4.6355,0.0,0.0091,0.0,0.5024,0.5122,34.5437,34.6227,27.0768,27.1428,1.0190000000000001,0.948,0.336,0.313,False
584.284,2019-10-06 22:48:57,20347.0,847.7330000000001,-106.85138,16.78576,580.0,6.9263,6.8997,35064.0,3.5111779999999997,0.0639,0.0142,99.6443,7.2403e-05,0.0,0.5031,0.5125,0.0574,0.1179,4.6354,0.0,0.009,0.0,0.5024,0.512,34.5437,34.6228,27.0771,27.1431,1.0190000000000001,0.909,0.336,0.3,False
585.293,2019-10-06 22:48:57,20378.0,849.052,-106.85138,16.78576,581.0,6.9228,6.8961,35061.0,3.510897,0.0639,0.0136,99.659,9.545200000000001e-05,0.0,0.5031,0.5127,0.0574,0.1172,4.6361,0.0,0.0091,0.0,0.5024,0.5119,34.5438,34.6228,27.0776,27.1436,1.0190000000000001,0.8440000000000001,0.336,0.27899999999999997,False
586.302,2019-10-06 22:48:57,20410.0,850.3839999999999,-106.85138,16.78576,582.0,6.9178,6.8909,35057.0,3.5104870000000004,0.0639,0.014,99.6501,6.5308e-05,0.0,0.5031,0.5126,0.0574,0.1177,4.6357,0.0,0.0089,0.0,0.5024,0.512,34.5434,34.6229,27.0781,27.1444,1.0190000000000001,0.96,0.336,0.317,False
587.311,2019-10-06 22:48:57,20439.0,851.565,-106.85138,16.78576,583.0,6.9017,6.8738,35043.0,3.50912,0.0644,0.0136,99.6595,4.6891e-05,0.0,0.5031,0.5127,0.0574,0.1181,4.6361,0.0,0.0088,0.0,0.5024,0.5123,34.5435,34.6247,27.0803,27.1481,1.02,1.083,0.337,0.35700000000000004,False
588.319,2019-10-06 22:48:57,20463.0,852.6,-106.85138,16.78576,584.0,6.8808,6.8542,35024.0,3.507203,0.0644,0.0136,99.6595,9.805299999999999e-05,0.0,0.5031,0.5125,0.0575,0.1182,4.6361,0.0,0.0091,0.0,0.5024,0.512,34.543,34.6227,27.0828,27.1492,1.021,0.7709999999999999,0.337,0.254,False
589.328,2019-10-06 22:48:57,20488.0,853.618,-106.85138,16.78576,585.0,6.8724,6.8466,35016.0,3.506471,0.0644,0.0136,99.6595,7.5449e-05,0.0,0.5031,0.5126,0.0574,0.1181,4.6361,0.0,0.009,0.0,0.5024,0.5121,34.5428,34.6218,27.0838,27.1496,1.021,1.0090000000000001,0.337,0.33299999999999996,False
590.337,2019-10-06 22:48:57,20515.0,854.7330000000001,-106.85138,16.78576,586.0,6.8699,6.8435,35014.0,3.506189,0.0639,0.0136,99.6586,4.4612e-05,0.0,0.5031,0.5127,0.0574,0.1176,4.6361,0.0,0.0088,0.0,0.5024,0.512,34.5426,34.6213,27.084,27.1497,1.021,0.884,0.337,0.292,False
591.346,2019-10-06 22:48:57,20544.0,855.959,-106.85138,16.78576,587.0,6.8692,6.8426,35014.0,3.5061400000000003,0.0647,0.0138,99.6541,7.0132e-05,0.0,0.5031,0.5128,0.0575,0.1172,4.6359,0.0,0.0089,0.0,0.5024,0.5123,34.5423,34.6212,27.0839,27.1497,1.0390000000000001,0.996,0.34299999999999997,0.32799999999999996,False
592.355,2019-10-06 22:48:57,20573.0,857.153,-106.85138,16.78576,588.0,6.8686,6.8414,35014.0,3.506074,0.0639,0.0137,99.6565,7.8264e-05,0.0,0.5031,0.5128,0.0574,0.118,4.636,0.0,0.009,0.0,0.5025,0.5121,34.5423,34.6212,27.084,27.1498,1.0290000000000001,0.992,0.33899999999999997,0.327,False
593.364,2019-10-06 22:48:57,20598.0,858.193,-106.85138,16.78576,589.0,6.8679,6.8411,35013.0,3.506076,0.0639,0.014,99.6507,8.476200000000001e-05,0.0,0.5031,0.5126,0.0574,0.1183,4.6357,0.0,0.009,0.0,0.5024,0.5122,34.5421,34.621,27.0839,27.1498,1.0,0.795,0.33,0.262,False
594.372,2019-10-06 22:48:57,20621.0,859.153,-106.85138,16.78576,590.0,6.8647,6.8385,35011.0,3.5058949999999998,0.0639,0.014,99.65,5.525e-05,0.0,0.5031,0.5128,0.0574,0.1183,4.6357,0.0,0.0089,0.0,0.5024,0.5118,34.5422,34.6212,27.0844,27.1503,1.022,0.995,0.337,0.32799999999999996,False
595.381,2019-10-06 22:48:57,20643.0,860.081,-106.85138,16.78576,591.0,6.8638,6.837,35010.0,3.5057730000000005,0.0644,0.0146,99.6367,8.8341e-05,0.0,0.5031,0.5126,0.0575,0.118,4.6351,0.0,0.0091,0.0,0.5024,0.5123,34.542,34.6209,27.0844,27.1503,1.022,0.907,0.337,0.299,False
596.39,2019-10-06 22:48:57,20665.0,861.0139999999999,-106.85138,16.78576,592.0,6.8608,6.8347,35008.0,3.505632,0.0639,0.0142,99.6451,8.322100000000001e-05,0.0,0.5032,0.5129,0.0574,0.1181,4.6354,0.0,0.009,0.0,0.5024,0.512,34.5416,34.6211,27.0845,27.1507,1.0270000000000001,0.997,0.33899999999999997,0.32899999999999996,False
597.399,2019-10-06 22:48:57,20689.0,862.0139999999999,-106.85138,16.78576,593.0,6.8567,6.8305,35004.0,3.505275,0.0648,0.0139,99.6514,7.0475e-05,0.0,0.5031,0.5126,0.0575,0.1183,4.6357,0.0,0.009,0.0,0.5024,0.5123,34.5415,34.621,27.085,27.1512,1.055,1.094,0.348,0.36,False
598.408,2019-10-06 22:48:57,20717.0,863.159,-106.85138,16.78576,594.0,6.852,6.825,35000.0,3.504837,0.0639,0.014,99.6499,2.8161e-05,0.0,0.5031,0.5128,0.0574,0.118,4.6357,0.0,0.0087,0.0,0.5024,0.5124,34.5414,34.6212,27.0856,27.1521,1.024,1.0170000000000001,0.337,0.335,False
599.4169999999999,2019-10-06 22:48:57,20749.0,864.4860000000001,-106.85138,16.78576,595.0,6.8166,6.7918,34967.0,3.5019169999999997,0.0646,0.0147,99.6343,6.1256e-05,0.0,0.5031,0.5126,0.0575,0.1182,4.6349,0.0,0.0089,0.0,0.5024,0.512,34.5399,34.6218,27.0892,27.1571,1.0090000000000001,0.851,0.332,0.28,False
600.4259999999999,2019-10-06 22:48:57,20783.0,865.8969999999999,-106.85138,16.78576,596.0,6.7977,6.7708,34950.0,3.499802,0.0639,0.0141,99.6478,8.0395e-05,0.0,0.5031,0.513,0.0574,0.1173,4.6356,0.0,0.009,0.0,0.5024,0.5123,34.5388,34.6192,27.0909,27.1579,1.025,0.932,0.337,0.307,False
601.435,2019-10-06 22:48:57,20812.0,867.137,-106.85138,16.78576,597.0,6.7863,6.7589,34939.0,3.498791,0.0634,0.0139,99.6535,5.5908e-05,0.0,0.5031,0.5131,0.0573,0.1179,4.6358,0.0,0.0089,0.0,0.5024,0.5123,34.5384,34.6195,27.0922,27.1598,1.025,1.138,0.337,0.374,False
602.443,2019-10-06 22:48:57,20836.0,868.112,-106.85138,16.78576,598.0,6.764,6.7367,34919.0,3.496772,0.0628,0.0141,99.648,3.4736999999999996e-05,0.0,0.5031,0.5124,0.0573,0.1172,4.6356,0.0,0.0087,0.0,0.5024,0.5121,34.5381,34.6191,27.0949,27.1625,1.026,0.7090000000000001,0.337,0.233,False
603.452,2019-10-06 22:48:57,20857.0,868.9989999999999,-106.85138,16.78576,599.0,6.7462,6.7183,34904.0,3.495226,0.0656,0.0146,99.6346,3.8727e-05,0.0,0.5031,0.5131,0.0576,0.1183,4.635,0.0,0.0087,0.0,0.5024,0.5119,34.5389,34.62,27.098,27.1656,1.014,0.9,0.33299999999999996,0.29600000000000004,False
604.461,2019-10-06 22:48:57,20878.0,869.873,-106.85138,16.78576,600.0,6.7359,6.7092,34895.0,3.494281,0.0645,0.0136,99.6594,4.8386999999999996e-05,0.0,0.5031,0.5125,0.0575,0.1181,4.6361,0.0,0.0088,0.0,0.5023,0.512,34.5391,34.6182,27.0995,27.1655,0.996,0.9229999999999999,0.327,0.303,False
605.47,2019-10-06 22:48:57,20901.0,870.831,-106.85138,16.78576,601.0,6.7356,6.709,34895.0,3.494273,0.0648,0.0136,99.6595,2.4054e-05,0.0,0.5031,0.513,0.0575,0.1175,4.6361,0.0,0.0087,0.0,0.5024,0.512,34.5387,34.6178,27.0993,27.1652,1.052,0.909,0.34600000000000003,0.299,False
606.479,2019-10-06 22:48:57,20927.0,871.918,-106.85138,16.78576,602.0,6.7359,6.7094,34896.0,3.4943489999999997,0.0639,0.0136,99.6595,5.1648000000000004e-05,0.0,0.5031,0.5126,0.0574,0.1179,4.6361,0.0,0.0088,0.0,0.5024,0.5119,34.5385,34.6177,27.099,27.1651,1.028,0.94,0.33799999999999997,0.309,False
607.488,2019-10-06 22:48:57,20958.0,873.203,-106.85138,16.78576,603.0,6.7355,6.7099,34896.0,3.494418,0.0631,0.0136,99.6595,1.9778e-05,0.0,0.5031,0.5125,0.0573,0.118,4.6361,0.0,0.0086,0.0,0.5024,0.5122,34.5392,34.6176,27.0996,27.165,1.0270000000000001,1.12,0.33799999999999997,0.368,False
608.497,2019-10-06 22:48:57,20990.0,874.555,-106.85138,16.78576,604.0,6.7369,6.7109,34898.0,3.4945510000000004,0.0643,0.0136,99.6595,0.00011012,0.0,0.5031,0.5125,0.0574,0.1178,4.6361,0.0,0.009,0.0,0.5024,0.5121,34.5392,34.6175,27.0995,27.1647,1.0270000000000001,0.8009999999999999,0.33799999999999997,0.263,False
609.506,2019-10-06 22:48:57,21022.0,875.877,-106.85138,16.78576,605.0,6.7366,6.7096,34898.0,3.4945209999999998,0.0639,0.0136,99.6595,1.9557e-05,0.0,0.5031,0.5126,0.0574,0.1175,4.6361,0.0,0.0086,0.0,0.5024,0.5123,34.539,34.618,27.0994,27.1654,1.0270000000000001,1.1059999999999999,0.33799999999999997,0.364,False
610.515,2019-10-06 22:48:57,21050.0,877.058,-106.85138,16.78576,606.0,6.7314,6.7043,34894.0,3.494074,0.0639,0.0136,99.6595,1.5656e-05,0.0,0.5031,0.5131,0.0574,0.1182,4.6361,0.0,0.0086,0.0,0.5024,0.5123,34.5387,34.618,27.0998,27.166,1.028,0.9890000000000001,0.33799999999999997,0.325,False
611.524,2019-10-06 22:48:57,21074.0,878.06,-106.85138,16.78574,607.0,6.714,6.686,34878.0,3.4925620000000004,0.0639,0.0136,99.6595,4.2699e-08,0.0,0.5031,0.5125,0.0574,0.1183,4.6361,0.0,0.0085,0.0,0.5024,0.5123,34.5382,34.6191,27.1018,27.1694,1.028,0.9440000000000001,0.33799999999999997,0.31,False
612.533,2019-10-06 22:48:57,21096.0,878.977,-106.85138,16.78574,608.0,6.6898,6.6621,34855.0,3.490354,0.0639,0.0139,99.6531,9.8844e-06,0.0,0.5031,0.5127,0.0574,0.1178,4.6358,0.0,0.0086,0.0,0.5024,0.5121,34.5367,34.6183,27.1039,27.172,1.0290000000000001,0.9279999999999999,0.33799999999999997,0.305,False
613.5409999999999,2019-10-06 22:48:57,21118.0,879.885,-106.85138,16.78574,609.0,6.6682,6.6402,34834.0,3.4882519999999997,0.0639,0.0138,99.6551,5.8711e-05,0.0,0.5031,0.513,0.0574,0.1174,4.6359,0.0,0.0089,0.0,0.5024,0.5124,34.535,34.6166,27.1054,27.1736,1.03,1.047,0.33799999999999997,0.344,False
614.55,2019-10-06 22:48:57,21141.0,880.832,-106.85138,16.78576,610.0,6.6365,6.6088,34803.0,3.4852489999999996,0.0644,0.0147,99.6338,1.9410999999999998e-05,0.0,0.5031,0.5127,0.0575,0.1179,4.6349,0.0,0.0086,0.0,0.5024,0.5122,34.5323,34.6145,27.1075,27.1761,1.031,0.904,0.33799999999999997,0.29600000000000004,False
615.559,2019-10-06 22:48:57,21166.0,881.857,-106.85138,16.78576,611.0,6.6223,6.5955,34791.0,3.483918,0.0639,0.0147,99.6333,1.6213e-05,0.0,0.5031,0.513,0.0574,0.118,4.6349,0.0,0.0086,0.0,0.5024,0.5123,34.5322,34.6127,27.1094,27.1765,1.031,0.919,0.33799999999999997,0.301,False
616.568,2019-10-06 22:48:57,21193.0,882.998,-106.85138,16.78576,612.0,6.6138,6.5872,34784.0,3.483158,0.0639,0.0144,99.6395,6.1752e-05,0.0,0.5031,0.5129,0.0574,0.1179,4.6352,0.0,0.0089,0.0,0.5024,0.512,34.5326,34.6122,27.1109,27.1772,1.032,0.958,0.33799999999999997,0.314,False
617.577,2019-10-06 22:48:57,21224.0,884.2719999999999,-106.85138,16.78576,613.0,6.6077,6.581,34779.0,3.4826010000000003,0.0639,0.0144,99.6403,4.9137e-06,0.0,0.5031,0.5128,0.0574,0.1175,4.6352,0.0,0.0085,0.0,0.5024,0.5123,34.5326,34.6117,27.1117,27.1776,1.032,1.0190000000000001,0.33799999999999997,0.33399999999999996,False
618.586,2019-10-06 22:48:57,21255.0,885.6,-106.85138,16.78574,614.0,6.5998,6.5732,34772.0,3.481967,0.0639,0.0137,99.657,-3.017e-07,0.0,0.5031,0.5128,0.0574,0.118,4.636,0.0,0.0085,0.0,0.5024,0.5121,34.5328,34.6122,27.1128,27.179,1.036,0.893,0.33899999999999997,0.293,False
619.595,2019-10-06 22:48:57,21286.0,886.882,-106.85138,16.78574,615.0,6.5916,6.5647,34765.0,3.481293,0.0639,0.0147,99.6324,2.9098e-05,0.0,0.5031,0.5128,0.0574,0.1178,4.6349,0.0,0.0087,0.0,0.5024,0.5123,34.5328,34.6127,27.1139,27.1806,1.04,1.0659999999999998,0.34,0.349,False
620.604,2019-10-06 22:48:57,21313.0,887.99,-106.85138,16.78574,616.0,6.5597,6.5316,34736.0,3.478499,0.0639,0.0141,99.6473,5.7736000000000004e-05,0.0,0.5031,0.5128,0.0574,0.1178,4.6355,0.0,0.0089,0.0,0.5025,0.5123,34.5316,34.6147,27.1173,27.1865,1.057,1.047,0.34600000000000003,0.34299999999999997,False
621.613,2019-10-06 22:48:57,21337.0,888.982,-106.85138,16.78574,617.0,6.5342,6.5073,34712.0,3.476121,0.0639,0.0136,99.6584,8.3228e-06,0.0,0.5031,0.5126,0.0574,0.1182,4.6361,0.0,0.0086,0.0,0.5024,0.5126,34.5311,34.6123,27.1203,27.1879,1.0070000000000001,1.073,0.32899999999999996,0.35100000000000003,False
622.622,2019-10-06 22:48:57,21359.0,889.905,-106.85138,16.78574,618.0,6.5173,6.4903,34698.0,3.474642,0.0639,0.0136,99.6595,9.569e-05,0.0,0.5031,0.5127,0.0574,0.1179,4.6361,0.0,0.0091,0.0,0.5024,0.5122,34.5316,34.6126,27.1228,27.1903,1.035,0.8270000000000001,0.33799999999999997,0.27,False
623.631,2019-10-06 22:48:57,21380.0,890.784,-106.85138,16.78574,619.0,6.4822,6.4542,34666.0,3.471541,0.0633,0.0136,99.6595,2.0087999999999998e-05,0.0,0.5031,0.513,0.0573,0.1175,4.6361,0.0,0.0086,0.0,0.5024,0.5124,34.5307,34.6141,27.1268,27.1963,1.036,1.095,0.33899999999999997,0.358,False
624.64,2019-10-06 22:48:57,21401.0,891.674,-106.85138,16.78574,620.0,6.4725,6.446,34658.0,3.4705550000000005,0.0633,0.0136,99.6595,2.7599e-05,0.0,0.5032,0.5129,0.0573,0.1174,4.6361,0.0,0.0087,0.0,0.5024,0.5123,34.5312,34.6109,27.1284,27.1948,1.0390000000000001,0.899,0.34,0.294,False
625.649,2019-10-06 22:48:57,21426.0,892.698,-106.85138,16.78574,621.0,6.4683,6.4419,34654.0,3.470182,0.0639,0.0136,99.6595,4.5005e-05,0.0,0.5031,0.5132,0.0574,0.118,4.6361,0.0,0.0088,0.0,0.5024,0.5122,34.5308,34.6104,27.1287,27.195,1.071,0.983,0.35,0.321,False
626.658,2019-10-06 22:48:57,21459.0,894.073,-106.85138,16.78574,622.0,6.46,6.4331,34647.0,3.4694879999999997,0.0625,0.0136,99.6595,5.8986e-05,0.0,0.5031,0.5129,0.0573,0.118,4.6361,0.0,0.0089,0.0,0.5024,0.5122,34.5305,34.6111,27.1296,27.1967,1.021,0.927,0.33299999999999996,0.303,False
627.6669999999999,2019-10-06 22:48:57,21503.0,895.931,-106.85138,16.78574,623.0,6.4377,6.411,34627.0,3.467545,0.0639,0.0136,99.6595,4.6901000000000004e-05,0.0,0.5031,0.5128,0.0574,0.1177,4.6361,0.0,0.0088,0.0,0.5024,0.5122,34.531,34.6113,27.1329,27.1998,1.0390000000000001,0.982,0.33899999999999997,0.32,False
628.6759999999999,2019-10-06 22:48:57,21540.0,897.439,-106.85138,16.78574,624.0,6.4133,6.386,34606.0,3.465435,0.0639,0.0141,99.6479,9.5794e-05,0.0,0.5031,0.5129,0.0574,0.1178,4.6356,0.0,0.0091,0.0,0.5024,0.5124,34.5313,34.6126,27.1364,27.2042,1.0390000000000001,1.0979999999999999,0.33899999999999997,0.358,False
629.685,2019-10-06 22:48:57,21563.0,898.419,-106.85138,16.78574,625.0,6.3989,6.3733,34593.0,3.464203,0.0639,0.0136,99.6595,1.9178e-05,0.0,0.5031,0.5127,0.0574,0.1182,4.6361,0.0,0.0086,0.0,0.5024,0.5123,34.5312,34.6113,27.1382,27.2047,1.0390000000000001,0.9209999999999999,0.33899999999999997,0.3,False
630.694,2019-10-06 22:48:57,21583.0,899.247,-106.85138,16.78574,626.0,6.3937,6.3682,34589.0,3.4638160000000005,0.0633,0.0136,99.6595,2.1398e-05,0.0,0.5031,0.5129,0.0573,0.1183,4.6361,0.0,0.0086,0.0,0.5024,0.5122,34.5317,34.6115,27.1392,27.2056,1.0390000000000001,1.0190000000000001,0.33899999999999997,0.332,False
631.703,2019-10-06 22:48:57,21602.0,900.0210000000001,-106.85138,16.78574,627.0,6.389,6.3625,34586.0,3.463343,0.0632,0.0136,99.6595,1.1293e-05,0.0,0.5031,0.5125,0.0573,0.1179,4.6361,0.0,0.0086,0.0,0.5024,0.5124,34.5321,34.6115,27.1402,27.2064,1.04,1.071,0.33899999999999997,0.349,False
632.712,2019-10-06 22:48:57,21620.0,900.7810000000001,-106.85138,16.78574,628.0,6.3838,6.3574,34582.0,3.462928,0.0639,0.0136,99.6595,3.4209000000000004e-05,0.0,0.5031,0.5128,0.0574,0.1182,4.6361,0.0,0.0087,0.0,0.5024,0.5124,34.5323,34.6117,27.1411,27.2071,1.05,1.031,0.342,0.336,False
633.721,2019-10-06 22:48:57,21638.0,901.558,-106.85136999999999,16.78574,629.0,6.3792,6.3532,34578.0,3.46255,0.0639,0.0145,99.6387,8.1082e-05,0.0,0.5031,0.5131,0.0574,0.1175,4.6351,0.0,0.009,0.0,0.5024,0.5124,34.5322,34.6112,27.1416,27.2073,1.07,0.902,0.349,0.294,False
634.731,2019-10-06 22:48:57,21658.0,902.3889999999999,-106.85136000000001,16.78574,630.0,6.3762,6.3494,34576.0,3.462273,0.0639,0.0139,99.6516,5.6902e-05,0.0,0.5031,0.5128,0.0574,0.1176,4.6357,0.0,0.0089,0.0,0.5025,0.5122,34.5321,34.6114,27.1419,27.208,1.0290000000000001,0.9159999999999999,0.335,0.298,False
635.74,2019-10-06 22:48:57,21681.0,903.3510000000001,-106.85136000000001,16.78574,631.0,6.3742,6.3477,34574.0,3.462132,0.0639,0.0136,99.6592,2.6836999999999997e-05,0.0,0.5031,0.5129,0.0574,0.1181,4.6361,0.0,0.0087,0.0,0.5024,0.5122,34.5319,34.6111,27.142,27.208,1.031,0.981,0.336,0.32,False
636.749,2019-10-06 22:48:57,21712.0,904.6189999999999,-106.85136000000001,16.78574,632.0,6.368,6.3405,34569.0,3.4615669999999996,0.0642,0.0136,99.6595,1.7127e-05,0.0,0.5031,0.513,0.0574,0.1176,4.6361,0.0,0.0086,0.0,0.5024,0.5123,34.5319,34.6115,27.1428,27.2093,1.041,0.9890000000000001,0.33899999999999997,0.322,False
637.758,2019-10-06 22:48:57,21761.0,906.6610000000001,-106.85136000000001,16.78574,633.0,6.3615,6.3336,34564.0,3.4609550000000002,0.0639,0.0136,99.66,7.0376999999999996e-06,0.0,0.5031,0.5127,0.0574,0.1178,4.6361,0.0,0.0085,0.0,0.5024,0.5122,34.5326,34.6113,27.1442,27.21,1.041,1.002,0.33899999999999997,0.326,False
638.766,2019-10-06 22:48:57,21803.0,908.431,-106.85138,16.78574,634.0,6.3463,6.3177,34551.0,3.459624,0.0639,0.0129,99.6792,3.4193e-05,0.0,0.5031,0.5128,0.0574,0.118,4.6371,0.0,0.0087,0.0,0.5024,0.5124,34.5325,34.612,27.1461,27.2127,1.042,1.038,0.33899999999999997,0.33799999999999997,False
639.776,2019-10-06 22:48:57,21828.0,909.461,-106.85138,16.78574,635.0,6.3269,6.2991,34533.0,3.458139,0.0603,0.0127,99.6822,2.8896e-05,0.0,0.5031,0.5128,0.057,0.1181,4.6372,0.0,0.0087,0.0,0.5024,0.5122,34.5321,34.6138,27.1483,27.2165,1.042,1.003,0.33899999999999997,0.326,False
640.785,2019-10-06 22:48:57,21848.0,910.291,-106.85138,16.78574,636.0,6.3008,6.2703,34511.0,3.4556449999999996,0.064,0.0134,99.6644,4.0936e-05,0.0,0.5031,0.5129,0.0574,0.118,4.6363,0.0,0.0088,0.0,0.5024,0.5125,34.5328,34.6147,27.1523,27.2209,1.043,1.012,0.33899999999999997,0.32899999999999996,False
641.794,2019-10-06 22:48:57,21866.0,911.061,-106.85138,16.78574,637.0,6.2855,6.2585,34498.0,3.454452,0.0639,0.0136,99.6595,1.1349000000000001e-05,0.0,0.5031,0.5129,0.0574,0.1181,4.6361,0.0,0.0086,0.0,0.5024,0.5123,34.5333,34.6128,27.1547,27.2209,1.016,0.919,0.331,0.299,False
642.803,2019-10-06 22:48:57,21885.0,911.8439999999999,-106.85138,16.78574,638.0,6.279,6.2518,34492.0,3.4538550000000003,0.0639,0.0133,99.6673,1.0181e-05,0.0,0.5031,0.513,0.0574,0.118,4.6365,0.0,0.0086,0.0,0.5023,0.512,34.5331,34.6123,27.1554,27.2215,1.056,0.835,0.34299999999999997,0.271,False
643.812,2019-10-06 22:48:57,21906.0,912.725,-106.85138,16.78574,639.0,6.2761,6.2499,34490.0,3.453678,0.0634,0.0128,99.6808,2.8627e-07,0.0,0.5031,0.5128,0.0573,0.1181,4.6372,0.0,0.0085,0.0,0.5025,0.5121,34.5329,34.6118,27.1556,27.2213,1.137,1.0759999999999998,0.37,0.35,False
644.821,2019-10-06 22:48:57,21931.0,913.7389999999999,-106.85138,16.78574,640.0,6.2747,6.2481,34489.0,3.453559,0.0624,0.0135,99.6618,1e-12,0.0,0.5031,0.513,0.0573,0.1178,4.6362,0.0,0.0085,0.0,0.5025,0.5125,34.5327,34.6119,27.1556,27.2216,1.069,1.068,0.348,0.34700000000000003,False
645.83,2019-10-06 22:48:57,21956.0,914.806,-106.85138,16.78574,641.0,6.2733,6.2471,34488.0,3.4535080000000002,0.0639,0.0135,99.6625,3.887e-05,0.0,0.5031,0.5129,0.0574,0.1178,4.6362,0.0,0.0087,0.0,0.5025,0.5122,34.5326,34.6118,27.1557,27.2217,1.063,0.938,0.34600000000000003,0.305,False
646.839,2019-10-06 22:48:57,21983.0,915.92,-106.85138,16.78574,642.0,6.2741,6.248,34490.0,3.4536,0.0639,0.0134,99.6651,6.1808e-07,0.0,0.5031,0.5125,0.0574,0.118,4.6364,0.0,0.0085,0.0,0.5025,0.5123,34.5334,34.6115,27.1563,27.2213,1.063,0.97,0.34600000000000003,0.315,False
647.8480000000001,2019-10-06 22:48:57,22013.0,917.165,-106.85138,16.78574,643.0,6.2732,6.2472,34489.0,3.4535940000000003,0.0639,0.0135,99.6629,3.276e-05,0.0,0.5031,0.513,0.0574,0.118,4.6363,0.0,0.0087,0.0,0.5025,0.5122,34.5334,34.6116,27.1564,27.2216,1.063,0.985,0.34600000000000003,0.32,False
648.857,2019-10-06 22:48:57,22047.0,918.564,-106.85138,16.78574,644.0,6.2723,6.246,34489.0,3.4535400000000003,0.0639,0.0136,99.6595,2.2129e-05,0.0,0.5031,0.5129,0.0574,0.1179,4.6361,0.0,0.0086,0.0,0.5025,0.5122,34.533,34.6118,27.1563,27.2219,1.064,0.9990000000000001,0.34600000000000003,0.325,False
649.867,2019-10-06 22:48:57,22083.0,920.073,-106.85138,16.78574,645.0,6.2682,6.2409,34485.0,3.4531519999999998,0.0639,0.0136,99.6602,3.4772e-05,0.0,0.5031,0.5128,0.0574,0.1178,4.6361,0.0,0.0087,0.0,0.5025,0.5123,34.5331,34.6121,27.1568,27.2228,1.057,1.051,0.344,0.342,False
650.876,2019-10-06 22:48:57,22113.0,921.325,-106.85138,16.78574,646.0,6.2577,6.2307,34477.0,3.4523940000000004,0.0639,0.0132,99.6689,2.2176e-07,0.0,0.5031,0.5129,0.0574,0.118,4.6366,0.0,0.0085,0.0,0.5024,0.5124,34.5333,34.6135,27.1584,27.2252,1.034,0.9009999999999999,0.336,0.293,False
651.885,2019-10-06 22:48:57,22136.0,922.29,-106.85138,16.78574,647.0,6.2235,6.1963,34446.0,3.449498,0.0639,0.0132,99.6695,1e-12,0.0,0.5031,0.5128,0.0574,0.1181,4.6366,0.0,0.0085,0.0,0.5025,0.512,34.5329,34.6155,27.1625,27.2312,1.101,0.927,0.358,0.301,False
652.894,2019-10-06 22:48:57,22156.0,923.125,-106.85138,16.78574,648.0,6.214,6.1877,34437.0,3.4484790000000003,0.0639,0.0126,99.6854,2.9761e-05,0.0,0.5031,0.5128,0.0574,0.118,4.6374,0.0,0.0087,0.0,0.5025,0.5123,34.5327,34.6123,27.1635,27.2298,1.067,1.031,0.34600000000000003,0.335,False
653.903,2019-10-06 22:48:57,22175.0,923.929,-106.85138,16.78574,649.0,6.2137,6.1874,34437.0,3.4484550000000005,0.0639,0.013,99.6765,1.1428e-05,0.0,0.5031,0.513,0.0574,0.1181,4.6369,0.0,0.0086,0.0,0.5025,0.5122,34.5323,34.6118,27.1633,27.2295,1.0659999999999998,1.057,0.34600000000000003,0.34299999999999997,False
654.9119999999999,2019-10-06 22:48:57,22196.0,924.7869999999999,-106.85138,16.78574,650.0,6.2077,6.181,34432.0,3.448001,0.0639,0.0135,99.6621,2.8947e-05,0.0,0.503,0.513,0.0574,0.1181,4.6362,0.0,0.0087,0.0,0.5025,0.5124,34.5325,34.6128,27.1642,27.2311,1.0659999999999998,1.021,0.34600000000000003,0.331,False
655.921,2019-10-06 22:48:57,22221.0,925.826,-106.85138,16.78574,651.0,6.1924,6.1652,34419.0,3.4466550000000002,0.0639,0.0128,99.6795,3.6407e-05,0.0,0.5031,0.5127,0.0574,0.1181,4.6371,0.0,0.0087,0.0,0.5025,0.5122,34.5322,34.6133,27.1659,27.2335,1.067,1.0290000000000001,0.34600000000000003,0.33399999999999996,False
656.931,2019-10-06 22:48:57,22251.0,927.0980000000001,-106.85138,16.78574,652.0,6.1634,6.1365,34392.0,3.4440160000000004,0.0639,0.0126,99.6861,1.2054e-05,0.0,0.5031,0.5128,0.0574,0.118,4.6374,0.0,0.0086,0.0,0.5025,0.5124,34.5318,34.6124,27.1694,27.2364,1.0490000000000002,0.894,0.34,0.29,False
657.94,2019-10-06 22:48:57,22279.0,928.27,-106.85138,16.78574,653.0,6.1476,6.1206,34379.0,3.442593,0.0619,0.0129,99.6783,2.4605e-05,0.0,0.5031,0.5129,0.0572,0.1182,4.637,0.0,0.0087,0.0,0.5024,0.512,34.5324,34.612,27.1719,27.2382,1.0590000000000002,0.978,0.34299999999999997,0.317,False
658.949,2019-10-06 22:48:57,22304.0,929.2760000000001,-106.85138,16.78574,654.0,6.1381,6.1118,34371.0,3.4417730000000004,0.0629,0.0128,99.6792,1.6910999999999998e-05,0.0,0.5031,0.5128,0.0573,0.1181,4.6371,0.0,0.0086,0.0,0.5025,0.5122,34.5318,34.6113,27.1726,27.2388,1.093,0.9390000000000001,0.354,0.304,False
659.9580000000001,2019-10-06 22:48:57,22329.0,930.328,-106.85138,16.78574,655.0,6.1258,6.099,34360.0,3.440746,0.0639,0.0127,99.6838,1.5072e-05,0.0,0.5031,0.513,0.0574,0.118,4.6373,0.0,0.0086,0.0,0.5025,0.5122,34.532,34.6123,27.1743,27.2412,1.069,1.036,0.34600000000000003,0.336,False
660.967,2019-10-06 22:48:57,22363.0,931.742,-106.85138,16.78574,656.0,6.1136,6.0876,34350.0,3.4396489999999997,0.0639,0.0127,99.6839,2.474e-05,0.0,0.5031,0.5127,0.0574,0.118,4.6373,0.0,0.0087,0.0,0.5025,0.5122,34.5322,34.611,27.1761,27.2417,1.07,0.981,0.34700000000000003,0.318,False
661.977,2019-10-06 22:48:57,22405.0,933.492,-106.85138,16.78574,657.0,6.1113,6.0854,34347.0,3.4394660000000004,0.0639,0.013,99.6757,4.2162e-06,0.0,0.5031,0.5126,0.0574,0.1179,4.6369,0.0,0.0085,0.0,0.5025,0.5122,34.5317,34.6107,27.176,27.2417,1.07,0.972,0.34700000000000003,0.315,False
662.9860000000001,2019-10-06 22:48:57,22435.0,934.748,-106.85138,16.78574,658.0,6.11,6.0838,34347.0,3.439367,0.0639,0.0126,99.6861,1.6601e-05,0.0,0.5031,0.5128,0.0574,0.1179,4.6374,0.0,0.0086,0.0,0.5025,0.5122,34.5321,34.6108,27.1765,27.242,1.07,1.0490000000000002,0.34700000000000003,0.34,False
663.995,2019-10-06 22:48:57,22457.0,935.672,-106.85138,16.78574,659.0,6.1083,6.0819,34346.0,3.4392620000000003,0.0639,0.0127,99.6833,3.8846999999999996e-05,0.0,0.5031,0.5127,0.0574,0.1179,4.6373,0.0,0.0087,0.0,0.5025,0.5125,34.5325,34.611,27.177,27.2424,1.07,1.131,0.34700000000000003,0.366,False
665.0039999999999,2019-10-06 22:48:57,22477.0,936.493,-106.85138,16.78574,660.0,6.1003,6.0738,34340.0,3.438627,0.0639,0.0131,99.6734,3.2161e-05,0.0,0.5031,0.5128,0.0574,0.1181,4.6368,0.0,0.0087,0.0,0.5025,0.5122,34.5327,34.6116,27.1782,27.244,1.071,0.929,0.34700000000000003,0.301,False
666.013,2019-10-06 22:48:57,22495.0,937.27,-106.85138,16.78574,661.0,6.092,6.0653,34332.0,3.4379269999999997,0.0639,0.0128,99.6801,8.961200000000001e-07,0.0,0.5031,0.5126,0.0574,0.118,4.6371,0.0,0.0085,0.0,0.5025,0.5123,34.5323,34.6119,27.179,27.2453,1.071,0.934,0.34700000000000003,0.302,False
667.0219999999999,2019-10-06 22:48:57,22514.0,938.0369999999999,-106.85138,16.78574,662.0,6.0802,6.0537,34322.0,3.436903,0.0639,0.0133,99.6687,3.2775e-05,0.0,0.5031,0.5128,0.0574,0.1179,4.6366,0.0,0.0087,0.0,0.5025,0.5122,34.5317,34.6117,27.18,27.2466,1.071,0.922,0.34700000000000003,0.298,False
668.0310000000001,2019-10-06 22:48:57,22533.0,938.826,-106.85138,16.78574,663.0,6.0724,6.0462,34315.0,3.436265,0.0639,0.0131,99.6719,2.1528e-05,0.0,0.5031,0.5129,0.0574,0.118,4.6367,0.0,0.0086,0.0,0.5025,0.5121,34.5315,34.6116,27.1808,27.2475,1.072,0.9740000000000001,0.34700000000000003,0.315,False
669.041,2019-10-06 22:48:57,22553.0,939.6619999999999,-106.85138,16.78574,664.0,6.0634,6.0359,34307.0,3.4354139999999997,0.0639,0.0127,99.6831,1.8571e-05,0.0,0.5031,0.5128,0.0574,0.118,4.6373,0.0,0.0086,0.0,0.5025,0.5122,34.5315,34.6121,27.182,27.2491,1.072,1.018,0.34700000000000003,0.32899999999999996,False
670.05,2019-10-06 22:48:57,22577.0,940.6489999999999,-106.85138,16.78574,665.0,6.0523,6.0277,34298.0,3.434599,0.0639,0.0134,99.6651,1.6307e-05,0.0,0.5031,0.5128,0.0574,0.1179,4.6364,0.0,0.0086,0.0,0.5025,0.5122,34.5318,34.6108,27.1836,27.2492,1.073,1.023,0.34700000000000003,0.331,False
671.059,2019-10-06 22:48:57,22632.0,942.955,-106.85138,16.78574,666.0,6.0535,6.0289,34299.0,3.43471,0.0632,0.013,99.6763,1.6938e-05,0.0,0.5031,0.5127,0.0573,0.118,4.6369,0.0,0.0086,0.0,0.5025,0.5121,34.5319,34.6103,27.1836,27.2486,1.081,0.943,0.35,0.305,False
672.068,2019-10-06 22:48:57,22693.0,945.502,-106.85138,16.78574,667.0,6.0357,6.009,34284.0,3.4331629999999995,0.0635,0.0128,99.6794,2.9812e-05,0.0,0.5031,0.5127,0.0574,0.1181,4.6371,0.0,0.0087,0.0,0.5025,0.5123,34.5323,34.6127,27.1861,27.2531,1.054,1.033,0.341,0.33399999999999996,False
673.078,2019-10-06 22:48:57,22713.0,946.334,-106.85138,16.78574,668.0,6.0136,5.9863,34264.0,3.431207,0.0639,0.0132,99.671,1.0898e-05,0.0,0.5031,0.5124,0.0574,0.1183,4.6367,0.0,0.0086,0.0,0.5025,0.5121,34.5314,34.6133,27.1882,27.2564,1.074,0.8690000000000001,0.34700000000000003,0.281,False
674.087,2019-10-06 22:48:57,22729.0,946.9960000000001,-106.85138,16.78574,669.0,5.9981,5.9709,34250.0,3.429782,0.0639,0.0131,99.6718,7.1669e-08,0.0,0.5031,0.5126,0.0574,0.1182,4.6367,0.0,0.0085,0.0,0.5025,0.5121,34.5316,34.6125,27.1903,27.2577,1.075,0.914,0.34700000000000003,0.295,False
675.096,2019-10-06 22:48:57,22743.0,947.581,-106.85138,16.78574,670.0,5.99,5.9636,34244.0,3.429057,0.0639,0.0129,99.6777,1e-12,0.0,0.5031,0.5125,0.0574,0.1183,4.637,0.0,0.0085,0.0,0.5025,0.512,34.5317,34.6112,27.1915,27.2576,1.075,0.96,0.34700000000000003,0.31,False
676.105,2019-10-06 22:48:57,22757.0,948.148,-106.85138,16.78574,671.0,5.9857,5.9591,34240.0,3.428731,0.0639,0.0126,99.6858,2.9185e-05,0.0,0.5032,0.5126,0.0574,0.119,4.6374,0.0,0.0087,0.0,0.5025,0.5121,34.5316,34.6117,27.192,27.2586,1.075,1.084,0.34700000000000003,0.35,False
677.115,2019-10-06 22:48:57,22771.0,948.73,-106.85138,16.78574,672.0,5.9696,5.9426,34226.0,3.427344,0.0639,0.013,99.6756,9.653299999999999e-07,0.0,0.5031,0.5127,0.0574,0.1197,4.6369,0.0,0.0085,0.0,0.5025,0.5121,34.5314,34.6123,27.1938,27.2612,1.08,1.067,0.348,0.344,False
678.1239999999999,2019-10-06 22:48:57,22786.0,949.393,-106.85138,16.78574,673.0,5.9634,5.9369,34221.0,3.4267519999999996,0.0639,0.0132,99.669,1e-12,0.0,0.5031,0.5127,0.0574,0.1185,4.6366,0.0,0.0085,0.0,0.5025,0.5123,34.5317,34.6109,27.1949,27.2608,1.112,1.105,0.359,0.35700000000000004,False
679.133,2019-10-06 22:48:57,22815.0,950.6030000000001,-106.85136999999999,16.78575,674.0,5.9582,5.9324,34216.0,3.426332,0.0639,0.013,99.6746,3.7119e-06,0.0,0.5031,0.5126,0.0574,0.118,4.6368,0.0,0.0085,0.0,0.5025,0.5123,34.5314,34.6103,27.1953,27.2609,1.054,0.99,0.34,0.319,False
680.1419999999999,2019-10-06 22:48:57,22875.0,953.091,-106.85136000000001,16.78576,675.0,5.9523,5.9303,34212.0,3.426163,0.0639,0.0127,99.683,0.00011193,0.0,0.5031,0.5129,0.0574,0.118,4.6373,0.0,0.0091,0.0,0.5025,0.5122,34.5316,34.6101,27.1962,27.261,1.095,0.9890000000000001,0.354,0.319,False
681.1519999999999,2019-10-06 22:48:57,22913.0,954.678,-106.85136999999999,16.78576,676.0,5.9462,5.92,34207.0,3.425279,0.0639,0.0135,99.6614,-4.459e-06,0.0,0.5031,0.5127,0.0574,0.1179,4.6362,0.0,0.0085,0.0,0.5025,0.5122,34.5321,34.6102,27.1973,27.2623,1.0759999999999998,1.041,0.348,0.336,False
682.1610000000001,2019-10-06 22:48:57,22939.0,955.737,-106.85138,16.78576,677.0,5.9446,5.919,34206.0,3.4252260000000003,0.0639,0.0129,99.6783,1e-12,0.0,0.5031,0.5128,0.0574,0.1183,4.637,0.0,0.0085,0.0,0.5025,0.5123,34.5319,34.61,27.1974,27.2624,1.077,1.03,0.348,0.332,False
683.17,2019-10-06 22:48:57,22962.0,956.697,-106.85138,16.78576,678.0,5.9441,5.9181,34206.0,3.4251989999999997,0.0639,0.0133,99.6678,1e-12,0.0,0.5031,0.5127,0.0574,0.1182,4.6365,0.0,0.0085,0.0,0.5025,0.5123,34.5318,34.6101,27.1973,27.2626,1.078,0.9790000000000001,0.348,0.316,False
684.18,2019-10-06 22:48:57,22983.0,957.582,-106.85138,16.78576,679.0,5.9389,5.9132,34201.0,3.424858,0.0633,0.0129,99.677,1e-12,0.0,0.5031,0.5127,0.0573,0.1179,4.637,0.0,0.0085,0.0,0.5025,0.5123,34.5317,34.6108,27.198,27.2637,1.078,1.0590000000000002,0.348,0.341,False
685.189,2019-10-06 22:48:57,23003.0,958.4019999999999,-106.85138,16.78576,680.0,5.934,5.9085,34198.0,3.42443,0.0633,0.0135,99.6625,1e-12,0.0,0.5031,0.5127,0.0573,0.118,4.6362,0.0,0.0085,0.0,0.5025,0.5124,34.5319,34.6103,27.1987,27.2639,1.078,1.072,0.348,0.34600000000000003,False
686.198,2019-10-06 22:48:57,23021.0,959.185,-106.85138,16.78576,681.0,5.9317,5.9058,34195.0,3.4242480000000004,0.0639,0.0131,99.6717,3.1174000000000003e-05,0.0,0.5031,0.5128,0.0574,0.1197,4.6367,0.0,0.0087,0.0,0.5025,0.5124,34.5314,34.6105,27.1987,27.2644,1.078,1.021,0.348,0.32899999999999996,False
687.207,2019-10-06 22:48:57,23041.0,960.0039999999999,-106.85138,16.78576,682.0,5.923,5.896,34188.0,3.4235019999999996,0.0639,0.0133,99.6675,6.624800000000001e-07,0.0,0.5031,0.5129,0.0574,0.1181,4.6365,0.0,0.0085,0.0,0.5025,0.5124,34.5317,34.6116,27.2,27.2665,1.079,0.992,0.348,0.32,False
688.217,2019-10-06 22:48:57,23064.0,960.941,-106.85138,16.78576,683.0,5.9033,5.8777,34171.0,3.421904,0.0639,0.0136,99.6596,1e-12,0.0,0.5031,0.5127,0.0574,0.1188,4.6361,0.0,0.0085,0.0,0.5025,0.5123,34.5312,34.6117,27.202,27.2689,1.079,0.976,0.348,0.315,False
689.2260000000001,2019-10-06 22:48:57,23093.0,962.163,-106.85138,16.78576,684.0,5.8831,5.8567,34152.0,3.4199650000000004,0.0639,0.0142,99.6458,5.5977e-06,0.0,0.5031,0.5129,0.0574,0.1186,4.6355,0.0,0.0085,0.0,0.5025,0.5124,34.5307,34.6107,27.2042,27.2708,1.08,1.0390000000000001,0.348,0.335,False
690.235,2019-10-06 22:48:57,23130.0,963.701,-106.85136000000001,16.78576,685.0,5.8747,5.8486,34145.0,3.419199,0.0639,0.013,99.6743,1.0966e-05,0.0,0.5031,0.5129,0.0574,0.1191,4.6368,0.0,0.0086,0.0,0.5026,0.5123,34.5305,34.6098,27.2051,27.2711,1.135,1.001,0.366,0.32299999999999995,False
691.245,2019-10-06 22:48:57,23163.0,965.1010000000001,-106.85136000000001,16.78576,686.0,5.8708,5.8449,34143.0,3.418893,0.0639,0.013,99.674,-1.388e-07,0.0,0.5031,0.5128,0.0574,0.1181,4.6368,0.0,0.0085,0.0,0.5025,0.5124,34.5312,34.6097,27.2062,27.2715,1.057,1.122,0.341,0.361,False
692.2539999999999,2019-10-06 22:48:57,23191.0,966.268,-106.85136000000001,16.78576,687.0,5.8683,5.8425,34141.0,3.4186900000000002,0.0639,0.013,99.6751,7.6503e-06,0.0,0.5031,0.5128,0.0574,0.118,4.6369,0.0,0.0085,0.0,0.5025,0.5124,34.5314,34.6094,27.2066,27.2715,1.055,0.951,0.34,0.306,False
693.263,2019-10-06 22:48:57,23218.0,967.368,-106.85136000000001,16.78576,688.0,5.8675,5.8416,34140.0,3.4186669999999997,0.0639,0.0128,99.6809,7.5311e-06,0.0,0.5032,0.5128,0.0574,0.1178,4.6372,0.0,0.0085,0.0,0.5025,0.5123,34.531,34.6095,27.2064,27.2717,1.081,1.133,0.348,0.365,False
694.273,2019-10-06 22:48:57,23244.0,968.475,-106.85136000000001,16.78576,689.0,5.8622,5.8356,34136.0,3.4182269999999995,0.0639,0.013,99.6757,2.9618e-08,0.0,0.5031,0.5129,0.0574,0.1177,4.6369,0.0,0.0085,0.0,0.5025,0.5125,34.5312,34.6101,27.2073,27.273,1.151,0.9209999999999999,0.371,0.297,False
695.2819999999999,2019-10-06 22:48:57,23271.0,969.582,-106.85136000000001,16.78576,690.0,5.8565,5.8306,34131.0,3.4177660000000003,0.0639,0.0126,99.6858,1e-12,0.0,0.5031,0.5129,0.0574,0.118,4.6374,0.0,0.0085,0.0,0.5026,0.5124,34.5309,34.6096,27.2078,27.2732,1.1440000000000001,1.102,0.368,0.355,False
696.291,2019-10-06 22:48:57,23297.0,970.653,-106.85136000000001,16.78576,691.0,5.8554,5.8293,34131.0,3.417704,0.0639,0.0131,99.6733,1e-12,0.0,0.5031,0.5128,0.0574,0.1179,4.6368,0.0,0.0085,0.0,0.5026,0.5125,34.531,34.6097,27.2079,27.2735,1.056,1.097,0.34,0.353,False
697.3,2019-10-06 22:48:57,23322.0,971.689,-106.85136000000001,16.78576,692.0,5.8472,5.821,34124.0,3.417064,0.0639,0.0126,99.6845,1e-12,0.0,0.5031,0.513,0.0574,0.1177,4.6373,0.0,0.0085,0.0,0.5025,0.5125,34.5312,34.6104,27.2092,27.2751,1.0590000000000002,1.02,0.341,0.32799999999999996,False
698.31,2019-10-06 22:48:57,23346.0,972.695,-106.85136000000001,16.78576,693.0,5.8435,5.8176,34121.0,3.416746,0.0614,0.0126,99.6858,1e-12,0.0,0.5032,0.5128,0.0572,0.118,4.6374,0.0,0.0085,0.0,0.5025,0.5125,34.5311,34.6098,27.2095,27.275,1.088,1.044,0.35,0.336,False
699.319,2019-10-06 22:48:57,23369.0,973.6669999999999,-106.85136000000001,16.78576,694.0,5.841,5.8146,34119.0,3.416547,0.0617,0.0136,99.6613,1e-12,0.0,0.5032,0.513,0.0572,0.1176,4.6362,0.0,0.0085,0.0,0.5027,0.5125,34.5314,34.6101,27.2101,27.2756,1.176,1.095,0.37799999999999995,0.35200000000000004,False
700.329,2019-10-06 22:48:57,23391.0,974.595,-106.85136000000001,16.78576,695.0,5.8383,5.8124,34117.0,3.4163650000000003,0.0623,0.0137,99.6574,1e-12,0.0,0.5032,0.5131,0.0572,0.118,4.636,0.0,0.0085,0.0,0.5025,0.5126,34.5311,34.6098,27.2102,27.2757,0.992,0.988,0.319,0.318,False
701.3380000000001,2019-10-06 22:48:57,23414.0,975.529,-106.85136000000001,16.78576,696.0,5.8383,5.8124,34117.0,3.416403,0.0612,0.0128,99.6813,0.00010913,0.0,0.5032,0.5129,0.0571,0.118,4.6372,0.0,0.009,0.0,0.5025,0.5122,34.531,34.6098,27.2101,27.2757,1.087,0.992,0.35,0.319,False
702.347,2019-10-06 22:48:57,23437.0,976.5160000000001,-106.85136000000001,16.78576,697.0,5.838,5.8122,34118.0,3.416432,0.0638,0.0126,99.6857,1.0869e-05,0.0,0.5031,0.5129,0.0574,0.1177,4.6374,0.0,0.0086,0.0,0.5025,0.5125,34.5311,34.6097,27.2103,27.2757,1.189,1.149,0.38299999999999995,0.37,False
703.357,2019-10-06 22:48:57,23463.0,977.5980000000001,-106.85136999999999,16.78576,698.0,5.834,5.808,34115.0,3.416152,0.0625,0.0134,99.6647,0.00054228,0.0,0.5032,0.5131,0.0573,0.1181,4.6364,0.0,0.0109,0.0,0.5026,0.5125,34.5313,34.6104,27.2109,27.2767,1.114,1.0390000000000001,0.359,0.33399999999999996,False
704.3660000000001,2019-10-06 22:48:57,23495.0,978.9019999999999,-106.85138,16.78576,699.0,5.8245,5.7984,34106.0,3.415288,0.0605,0.0128,99.6793,2.4394e-05,0.0,0.5031,0.5129,0.0571,0.1188,4.6371,0.0,0.0086,0.0,0.5027,0.5126,34.531,34.61,27.2119,27.2776,1.173,1.088,0.377,0.35,False
705.3760000000001,2019-10-06 22:48:57,23535.0,980.602,-106.85138,16.78576,700.0,5.8184,5.7926,34101.0,3.41477,0.0641,0.0126,99.6861,-1.341e-06,0.0,0.5032,0.513,0.0574,0.1178,4.6374,0.0,0.0085,0.0,0.5028,0.5124,34.5309,34.6095,27.2125,27.278,1.126,1.031,0.36200000000000004,0.332,False
706.385,2019-10-06 22:48:57,23575.0,982.2460000000001,-106.85138,16.78576,701.0,5.8162,5.7902,34100.0,3.414622,0.0639,0.0126,99.6858,1e-12,0.0,0.5033,0.513,0.0574,0.1187,4.6374,0.0,0.0085,0.0,0.5025,0.5126,34.5309,34.6098,27.2128,27.2785,1.041,1.146,0.335,0.369,False
707.395,2019-10-06 22:48:57,23602.0,983.377,-106.85138,16.78576,702.0,5.8031,5.7774,34090.0,3.413696,0.0639,0.0127,99.6825,1e-12,0.0,0.5033,0.5131,0.0574,0.1184,4.6372,0.0,0.0085,0.0,0.5027,0.5126,34.5323,34.6119,27.2156,27.2818,1.151,1.0270000000000001,0.37,0.33,False
708.404,2019-10-06 22:48:57,23623.0,984.238,-106.85138,16.78576,703.0,5.7981,5.772,34086.0,3.4132160000000002,0.0639,0.0126,99.6857,1e-12,0.0,0.5034,0.5129,0.0574,0.1178,4.6374,0.0,0.0085,0.0,0.5026,0.5126,34.533,34.6115,27.2167,27.2821,1.069,1.085,0.344,0.349,False
709.413,2019-10-06 22:48:57,23641.0,985.01,-106.85138,16.78576,704.0,5.7979,5.7723,34086.0,3.413267,0.0654,0.0121,99.6983,1e-12,0.0,0.5032,0.5131,0.0575,0.1178,4.638,0.0,0.0085,0.0,0.5026,0.5126,34.5326,34.6112,27.2165,27.2818,1.227,1.087,0.39399999999999996,0.35,False
710.423,2019-10-06 22:48:57,23659.0,985.757,-106.85138,16.78576,705.0,5.7976,5.7718,34086.0,3.413264,0.0885,0.0125,99.6871,1e-12,0.0,0.5031,0.5132,0.0598,0.118,4.6375,0.0,0.0085,0.0,0.5028,0.5126,34.5325,34.6112,27.2165,27.2819,1.222,1.07,0.39299999999999996,0.344,False
711.432,2019-10-06 22:48:57,23678.0,986.555,-106.85138,16.78576,706.0,5.7955,5.7696,34085.0,3.413193,0.0709,0.0126,99.6858,1e-12,0.0,0.5033,0.5131,0.0581,0.1179,4.6374,0.0,0.0085,0.0,0.5028,0.5127,34.5329,34.6121,27.2171,27.2829,1.19,1.124,0.38299999999999995,0.361,False
712.441,2019-10-06 22:48:57,23701.0,987.5169999999999,-106.85138,16.78576,707.0,5.7822,5.7561,34074.0,3.4120489999999997,0.0643,0.0127,99.6831,7.0343e-06,0.0,0.5032,0.5131,0.0574,0.1179,4.6373,0.0,0.0085,0.0,0.5028,0.5126,34.5331,34.6125,27.2189,27.2849,1.124,1.032,0.361,0.332,False
713.451,2019-10-06 22:48:57,23734.0,988.862,-106.85138,16.78576,708.0,5.7728,5.7468,34065.0,3.411178,0.0639,0.0122,99.6947,0.00021214,0.0,0.5033,0.5131,0.0574,0.1176,4.6378,0.0,0.0095,0.0,0.5027,0.5126,34.5327,34.6117,27.2197,27.2854,1.136,1.123,0.365,0.361,False
714.46,2019-10-06 22:48:57,23769.0,990.336,-106.85138,16.78576,709.0,5.7659,5.7402,34060.0,3.4106089999999996,0.0639,0.0122,99.6957,-9.955e-06,0.0,0.5034,0.5132,0.0574,0.1179,4.6379,0.0,0.0085,0.0,0.5028,0.5127,34.5332,34.6115,27.2209,27.2861,1.235,1.099,0.397,0.353,False
715.4689999999999,2019-10-06 22:48:57,23797.0,991.518,-106.85138,16.78576,710.0,5.7655,5.7397,34060.0,3.4106019999999995,0.0639,0.012,99.7,0.00072717,0.0,0.5034,0.513,0.0574,0.1176,4.6381,0.0,0.0118,0.0,0.5031,0.5127,34.5332,34.6114,27.221,27.2861,1.167,1.033,0.375,0.332,False
716.4789999999999,2019-10-06 22:48:57,23822.0,992.53,-106.85138,16.78576,711.0,5.7561,5.7297,34052.0,3.409922,0.0639,0.0124,99.6901,-6.451000000000001e-06,0.0,0.5033,0.5131,0.0574,0.1179,4.6376,0.0,0.0085,0.0,0.5027,0.5125,34.5336,34.6134,27.2225,27.2889,1.04,1.013,0.33399999999999996,0.325,False
717.488,2019-10-06 22:48:57,23845.0,993.495,-106.85138,16.78576,712.0,5.7486,5.7227,34047.0,3.4093430000000002,0.0639,0.0124,99.6915,0.00070332,0.0,0.5035,0.5133,0.0574,0.1176,4.6377,0.0,0.0117,0.0,0.5028,0.5126,34.535,34.6135,27.2246,27.2899,1.011,1.117,0.325,0.359,False
718.498,2019-10-06 22:48:57,23869.0,994.4989999999999,-106.85138,16.78576,713.0,5.7465,5.7207,34046.0,3.4092260000000003,0.0639,0.0126,99.6858,0.00056853,0.0,0.5035,0.5131,0.0574,0.1178,4.6374,0.0,0.0111,0.0,0.5025,0.5125,34.5353,34.6138,27.225,27.2903,1.119,1.026,0.359,0.32899999999999996,False
719.507,2019-10-06 22:48:57,23897.0,995.68,-106.85138,16.78576,714.0,5.7414,5.7152,34042.0,3.4088339999999997,0.0639,0.0123,99.6928,0.00062221,0.0,0.5034,0.5131,0.0574,0.1177,4.6377,0.0,0.0113,0.0,0.5028,0.5125,34.5355,34.6144,27.2258,27.2915,1.204,1.03,0.387,0.331,False
720.5169999999999,2019-10-06 22:48:57,23932.0,997.115,-106.85138,16.78576,715.0,5.7329,5.707,34030.0,3.408115,0.0639,0.0126,99.6852,0.00027561,0.0,0.5033,0.5131,0.0574,0.1178,4.6374,0.0,0.0098,0.0,0.5026,0.5125,34.5299,34.6141,27.2225,27.2923,1.125,1.088,0.361,0.349,False
721.5269999999999,2019-10-06 22:48:57,23966.0,998.535,-106.85138,16.78576,716.0,5.7283,5.7024,34031.0,3.407725,0.0639,0.0126,99.6858,0.00019219,0.0,0.5033,0.5129,0.0574,0.1176,4.6374,0.0,0.0094,0.0,0.5029,0.5124,34.5355,34.614,27.2275,27.2928,1.038,0.9740000000000001,0.33299999999999996,0.313,False
722.5360000000001,2019-10-06 22:48:57,23993.0,999.675,-106.85138,16.78576,717.0,5.7277,5.7016,34031.0,3.407711,0.0639,0.0126,99.6858,0.00023043,0.0,0.5035,0.5131,0.0574,0.1177,4.6374,0.0,0.0096,0.0,0.5027,0.5126,34.5353,34.6141,27.2274,27.2929,1.246,1.14,0.4,0.366,False
723.545,2019-10-06 22:48:57,24015.0,1000.591,-106.85138,16.78576,718.0,5.722,5.6961,34026.0,3.407255,0.0557,0.0126,99.6858,-1.794e-06,0.0,0.5032,0.5129,0.0566,0.1176,4.6374,0.0,0.0085,0.0,0.5027,0.5126,34.5353,34.6141,27.2281,27.2937,1.339,1.089,0.43,0.35,False
724.555,2019-10-06 22:48:57,24035.0,1001.409,-106.85138,16.78576,719.0,5.7125,5.6856,34018.0,3.4064699999999997,0.0613,0.0126,99.6858,1e-12,0.0,0.5035,0.5132,0.0571,0.119,4.6374,0.0,0.0085,0.0,0.5031,0.5125,34.5351,34.6154,27.2291,27.296,1.334,0.98,0.428,0.315,False
725.564,2019-10-06 22:48:57,24054.0,1002.209,-106.85138,16.78576,720.0,5.6993,5.6731,34006.0,3.405212,0.0639,0.0124,99.6899,1e-12,0.0,0.5032,0.5127,0.0574,0.119,4.6376,0.0,0.0085,0.0,0.5031,0.5124,34.5343,34.6135,27.2301,27.296,1.1059999999999999,1.052,0.355,0.33799999999999997,False
726.574,2019-10-06 22:48:57,24075.0,1003.066,-106.85138,16.78576,721.0,5.69,5.6637,33997.0,3.4043589999999995,0.0639,0.0126,99.6846,1e-12,0.0,0.5032,0.5131,0.0574,0.1181,4.6373,0.0,0.0085,0.0,0.5029,0.5125,34.5338,34.6129,27.2309,27.2967,1.3219999999999998,1.205,0.424,0.386,False
727.5830000000001,2019-10-06 22:48:57,24099.0,1004.091,-106.85138,16.78576,722.0,5.6883,5.6626,33997.0,3.4042449999999995,0.0639,0.0129,99.6787,1e-12,0.0,0.5034,0.513,0.0574,0.1192,4.6371,0.0,0.0085,0.0,0.5033,0.5129,34.5342,34.6123,27.2314,27.2963,1.3519999999999999,1.192,0.434,0.382,False
728.5930000000001,2019-10-06 22:48:57,24134.0,1005.545,-106.85136000000001,16.78576,723.0,5.6856,5.6598,33995.0,3.4041089999999996,0.0639,0.0126,99.6856,1e-12,0.0,0.5037,0.5129,0.0574,0.1188,4.6374,0.0,0.0085,0.0,0.5033,0.5126,34.5347,34.6131,27.2321,27.2973,1.3019999999999998,1.093,0.418,0.35100000000000003,False
729.602,2019-10-06 22:48:57,24174.0,1007.2289999999999,-106.85136000000001,16.78576,724.0,5.682,5.6563,33992.0,3.4038589999999997,0.0639,0.0128,99.6789,1e-12,0.0,0.5038,0.5132,0.0574,0.1178,4.637,0.0,0.0085,0.0,0.5034,0.5128,34.535,34.6133,27.2328,27.298,1.07,1.121,0.34299999999999997,0.36,False
730.612,2019-10-06 22:48:57,24205.0,1008.4939999999999,-106.85136999999999,16.78576,725.0,5.6799,5.6541,33992.0,3.403786,0.0639,0.0129,99.679,1.4992e-05,0.0,0.5039,0.5133,0.0574,0.1177,4.6371,0.0,0.0086,0.0,0.503,0.5129,34.5358,34.6143,27.2337,27.299,1.088,1.03,0.349,0.33,False
731.6210000000001,2019-10-06 22:48:57,24230.0,1009.545,-106.85138,16.78576,726.0,5.6771,5.6512,33990.0,3.4035919999999997,0.0639,0.0127,99.6825,2.4687e-07,0.0,0.5039,0.5131,0.0574,0.1184,4.6372,0.0,0.0085,0.0,0.503,0.5125,34.5357,34.6145,27.234,27.2995,1.2919999999999998,1.069,0.414,0.34299999999999997,False
732.6310000000001,2019-10-06 22:48:57,24253.0,1010.5110000000001,-106.85138,16.78576,727.0,5.6736,5.6478,33987.0,3.4033230000000003,0.0639,0.0125,99.6881,1e-12,0.0,0.5041,0.5134,0.0574,0.1193,4.6375,0.0,0.0085,0.0,0.5033,0.5128,34.5357,34.6144,27.2345,27.2999,1.348,1.3840000000000001,0.43200000000000005,0.444,False
733.64,2019-10-06 22:48:57,24275.0,1011.434,-106.85138,16.78576,728.0,5.6676,5.6405,33982.0,3.4027849999999997,0.0639,0.0118,99.7048,1e-12,0.0,0.5038,0.5133,0.0574,0.1175,4.6383,0.0,0.0085,0.0,0.5031,0.5132,34.5356,34.6153,27.2351,27.3015,1.2790000000000001,1.094,0.41,0.35100000000000003,False
734.65,2019-10-06 22:48:57,24297.0,1012.324,-106.85138,16.78576,729.0,5.6579,5.6312,33973.0,3.4019160000000004,0.0639,0.0115,99.7123,0.00011962,0.0,0.5034,0.5132,0.0574,0.1182,4.6386,0.0,0.0091,0.0,0.5035,0.5126,34.5354,34.6144,27.2362,27.302,1.44,0.789,0.462,0.253,False
735.659,2019-10-06 22:48:57,24320.0,1013.2760000000001,-106.85138,16.78576,730.0,5.6525,5.6266,33969.0,3.401503,0.0639,0.0117,99.7065,0.00019005,0.0,0.5037,0.513,0.0574,0.1193,4.6383,0.0,0.0094,0.0,0.5033,0.5123,34.5351,34.614,27.2366,27.3022,1.095,1.111,0.35100000000000003,0.35600000000000004,False
736.669,2019-10-06 22:48:57,24346.0,1014.385,-106.85138,16.78576,731.0,5.6494,5.6236,33966.0,3.401235,0.0639,0.0117,99.7076,1.8503999999999999e-06,0.0,0.5039,0.5135,0.0574,0.1182,4.6384,0.0,0.0085,0.0,0.5035,0.5128,34.5349,34.6135,27.2369,27.3022,1.485,1.288,0.47600000000000003,0.413,False
737.678,2019-10-06 22:48:57,24378.0,1015.7230000000001,-106.85138,16.78576,732.0,5.6478,5.622,33965.0,3.4011160000000005,0.0639,0.0122,99.6952,1e-12,0.0,0.504,0.5132,0.0574,0.1185,4.6378,0.0,0.0085,0.0,0.5036,0.513,34.5347,34.6132,27.2369,27.3022,1.2690000000000001,1.274,0.40700000000000003,0.408,False
738.688,2019-10-06 22:48:57,24410.0,1017.051,-106.85138,16.78576,733.0,5.6472,5.6216,33965.0,3.4011139999999997,0.0639,0.0122,99.6954,1e-12,0.0,0.5038,0.513,0.0574,0.1191,4.6378,0.0,0.0085,0.0,0.5035,0.5132,34.5347,34.6132,27.2369,27.3022,1.3419999999999999,1.123,0.43,0.36,False
739.697,2019-10-06 22:48:57,24436.0,1018.1410000000001,-106.85138,16.78576,734.0,5.645,5.6192,33963.0,3.400946,0.0639,0.0119,99.7032,0.0001849,0.0,0.5042,0.5132,0.0574,0.118,4.6382,0.0,0.0094,0.0,0.5036,0.5127,34.5347,34.6132,27.2372,27.3025,1.2670000000000001,0.95,0.406,0.304,False
740.707,2019-10-06 22:48:57,24460.0,1019.1239999999999,-106.85138,16.78576,735.0,5.6444,5.6185,33963.0,3.4009080000000003,0.0639,0.0126,99.6862,0.00051548,0.0,0.5042,0.5134,0.0574,0.1176,4.6374,0.0,0.0109,0.0,0.5035,0.5129,34.5345,34.613,27.2372,27.3024,1.227,1.3119999999999998,0.39299999999999996,0.42,False
741.717,2019-10-06 22:48:57,24483.0,1020.1030000000001,-106.8514,16.78576,736.0,5.6448,5.619,33965.0,3.400985,0.0639,0.0132,99.6705,0.00013733,0.0,0.5041,0.5139,0.0574,0.1181,4.6366,0.0,0.0092,0.0,0.5036,0.5132,34.5353,34.6129,27.2377,27.3023,1.439,1.3780000000000001,0.461,0.442,False
742.7260000000001,2019-10-06 22:48:57,24509.0,1021.174,-106.8514,16.78576,737.0,5.6443,5.6186,33965.0,3.4010019999999996,0.0639,0.0129,99.6771,6.1473e-06,0.0,0.5043,0.5135,0.0574,0.1192,4.637,0.0,0.0085,0.0,0.5037,0.5131,34.5356,34.613,27.2381,27.3024,1.334,0.966,0.42700000000000005,0.31,False
743.7360000000001,2019-10-06 22:48:57,24537.0,1022.337,-106.8514,16.78576,738.0,5.6415,5.6158,33962.0,3.400808,0.0639,0.0126,99.6858,-2.6049999999999998e-08,0.0,0.5041,0.5132,0.0574,0.1187,4.6374,0.0,0.0085,0.0,0.5037,0.513,34.5352,34.6132,27.2381,27.3029,1.34,1.245,0.429,0.39899999999999997,False
744.745,2019-10-06 22:48:57,24565.0,1023.518,-106.8514,16.78576,739.0,5.6379,5.6122,33959.0,3.4005080000000003,0.0639,0.0126,99.6858,1e-12,0.0,0.5042,0.5137,0.0574,0.1189,4.6374,0.0,0.0085,0.0,0.5037,0.513,34.5351,34.6129,27.2384,27.3032,1.3219999999999998,1.198,0.423,0.384,False
745.755,2019-10-06 22:48:57,24594.0,1024.724,-106.8514,16.78576,740.0,5.6326,5.6068,33955.0,3.4000839999999997,0.0639,0.0126,99.6858,0.00048208,0.0,0.5043,0.5136,0.0574,0.1188,4.6374,0.0,0.0107,0.0,0.5037,0.5131,34.5345,34.6131,27.2387,27.304,1.3219999999999998,1.1520000000000001,0.423,0.369,False
746.7639999999999,2019-10-06 22:48:57,24625.0,1025.993,-106.85139,16.78576,741.0,5.6256,5.6001,33948.0,3.399458,0.0639,0.0122,99.6942,2.7279e-06,0.0,0.5043,0.5134,0.0574,0.1182,4.6378,0.0,0.0085,0.0,0.5037,0.5131,34.5338,34.6124,27.239,27.3043,1.3219999999999998,1.29,0.424,0.413,False
747.7739999999999,2019-10-06 22:48:57,24655.0,1027.24,-106.85138,16.78576,742.0,5.6243,5.5986,33947.0,3.399369,0.0639,0.0126,99.6867,1e-12,0.0,0.5043,0.5136,0.0574,0.1194,4.6374,0.0,0.0085,0.0,0.5037,0.5132,34.5336,34.6124,27.239,27.3045,1.3230000000000002,1.17,0.424,0.375,False
748.784,2019-10-06 22:48:57,24680.0,1028.295,-106.85138,16.78576,743.0,5.6182,5.5916,33942.0,3.3988150000000004,0.0639,0.0126,99.6858,1e-12,0.0,0.5043,0.5136,0.0574,0.1177,4.6374,0.0,0.0085,0.0,0.5037,0.5133,34.5337,34.6128,27.2398,27.3057,1.3230000000000002,1.341,0.424,0.429,False
749.793,2019-10-06 22:48:57,24701.0,1029.175,-106.85138,16.78576,744.0,5.6099,5.5837,33935.0,3.398163,0.0639,0.0126,99.6858,1e-12,0.0,0.5043,0.5135,0.0574,0.1177,4.6374,0.0,0.0085,0.0,0.5037,0.5134,34.5335,34.613,27.2406,27.3068,1.307,1.208,0.419,0.387,False
750.803,2019-10-06 22:48:57,24720.0,1029.962,-106.85138,16.78576,745.0,5.6002,5.5736,33927.0,3.3972900000000004,0.0639,0.0126,99.6858,1e-12,0.0,0.5043,0.5137,0.0574,0.1189,4.6374,0.0,0.0085,0.0,0.5037,0.5131,34.5337,34.6129,27.242,27.3079,1.298,1.202,0.415,0.385,False
751.812,2019-10-06 22:48:57,24738.0,1030.724,-106.85138,16.78576,746.0,5.5935,5.5681,33921.0,3.396789,0.0639,0.0126,99.6858,3.2766e-05,0.0,0.5043,0.5138,0.0574,0.1194,4.6374,0.0,0.0087,0.0,0.5036,0.5134,34.5334,34.6124,27.2426,27.3082,1.334,1.2409999999999999,0.42700000000000005,0.397,False
752.822,2019-10-06 22:48:57,24758.0,1031.56,-106.85138,16.78576,747.0,5.587,5.5613,33916.0,3.3962519999999996,0.0639,0.0123,99.6925,0.00073656,0.0,0.5043,0.5137,0.0574,0.1179,4.6377,0.0,0.0118,0.0,0.5037,0.5132,34.5336,34.6127,27.2436,27.3092,1.341,1.249,0.429,0.4,False
753.832,2019-10-06 22:48:57,24791.0,1032.903,-106.85138,16.78576,748.0,5.5842,5.5587,33914.0,3.3959839999999994,0.0639,0.0121,99.6982,0.00016288,0.0,0.5043,0.5139,0.0574,0.1185,4.638,0.0,0.0093,0.0,0.5037,0.5135,34.5336,34.6118,27.2439,27.3089,1.327,1.3359999999999999,0.425,0.428,False
754.841,2019-10-06 22:48:57,24845.0,1035.178,-106.85136000000001,16.78576,749.0,5.5837,5.5583,33914.0,3.395982,0.0885,0.0122,99.6944,0.00033827,0.0,0.5043,0.5138,0.0598,0.1185,4.6378,0.0,0.0101,0.0,0.5037,0.5135,34.5333,34.6117,27.2437,27.3089,1.325,1.218,0.424,0.39,False
755.8510000000001,2019-10-06 22:48:57,24877.0,1036.51,-106.85136000000001,16.78576,750.0,5.5838,5.5581,33914.0,3.396013,0.0712,0.0126,99.6855,-1.15e-05,0.0,0.5043,0.5142,0.0581,0.1186,4.6374,0.0,0.0084,0.0,0.5037,0.5135,34.5333,34.6117,27.2438,27.3089,1.3259999999999998,1.36,0.424,0.435,False
756.86,2019-10-06 22:48:57,24899.0,1037.425,-106.85136000000001,16.78576,751.0,5.5837,5.5581,33915.0,3.396062,0.0638,0.0126,99.6858,0.00015995,0.0,0.5043,0.5141,0.0574,0.1187,4.6374,0.0,0.0093,0.0,0.5037,0.5138,34.5338,34.6118,27.2441,27.309,1.3259999999999998,1.28,0.424,0.41,False
757.87,2019-10-06 22:48:57,24919.0,1038.239,-106.85136000000001,16.78576,752.0,5.583,5.5572,33915.0,3.3960589999999997,0.0639,0.0125,99.6873,0.0006982,0.0,0.5043,0.514,0.0574,0.1192,4.6375,0.0,0.0116,0.0,0.5037,0.5134,34.5348,34.6122,27.245,27.3094,1.3259999999999998,1.1520000000000001,0.424,0.368,False
758.88,2019-10-06 22:48:57,24938.0,1039.032,-106.85136000000001,16.78576,753.0,5.5773,5.5512,33910.0,3.3957089999999996,0.0639,0.012,99.6991,0.00044684,0.0,0.5043,0.5139,0.0574,0.1181,4.638,0.0,0.0105,0.0,0.5037,0.5135,34.5342,34.6139,27.2453,27.3115,1.3259999999999998,1.382,0.424,0.442,False
759.8889999999999,2019-10-06 22:48:57,24958.0,1039.873,-106.85136000000001,16.78576,754.0,5.5598,5.5336,33895.0,3.394186,0.0639,0.0126,99.6855,-1.045e-05,0.0,0.5043,0.514,0.0574,0.1197,4.6374,0.0,0.0085,0.0,0.5037,0.5137,34.5343,34.6141,27.2475,27.3138,1.327,1.318,0.424,0.42200000000000004,False
760.8989999999999,2019-10-06 22:48:57,24980.0,1040.774,-106.85136000000001,16.78576,755.0,5.5534,5.5275,33890.0,3.39359,0.0639,0.0126,99.6858,1e-12,0.0,0.5043,0.5142,0.0574,0.1197,4.6374,0.0,0.0085,0.0,0.5037,0.5136,34.5347,34.6131,27.2485,27.3137,1.327,1.168,0.424,0.373,False
761.909,2019-10-06 22:48:57,25003.0,1041.732,-106.85136000000001,16.78576,756.0,5.5517,5.5261,33889.0,3.3934860000000002,0.0639,0.0126,99.6858,1e-12,0.0,0.5043,0.5139,0.0574,0.1197,4.6374,0.0,0.0085,0.0,0.5037,0.5135,34.5344,34.6129,27.2485,27.3138,1.3619999999999999,1.32,0.435,0.42200000000000004,False
762.918,2019-10-06 22:48:57,25027.0,1042.74,-106.85136000000001,16.78576,757.0,5.5497,5.5241,33887.0,3.39335,0.0639,0.0136,99.6598,1e-12,0.0,0.5043,0.5141,0.0574,0.1186,4.6362,0.0,0.0085,0.0,0.5038,0.5136,34.5343,34.6128,27.2487,27.314,1.349,1.275,0.431,0.408,False
763.928,2019-10-06 22:48:57,25061.0,1044.149,-106.85136999999999,16.78576,758.0,5.547,5.5215,33885.0,3.3931419999999997,0.0639,0.0132,99.6712,0.00022695,0.0,0.5043,0.514,0.0574,0.1192,4.6367,0.0,0.0095,0.0,0.5037,0.5135,34.5341,34.6126,27.2489,27.3141,1.331,1.298,0.426,0.415,False
764.938,2019-10-06 22:48:57,25113.0,1046.313,-106.85138,16.78576,759.0,5.5457,5.5201,33884.0,3.393033,0.0639,0.0126,99.6855,-1.443e-05,0.0,0.5044,0.5141,0.0574,0.1187,4.6374,0.0,0.0084,0.0,0.5037,0.5136,34.5337,34.6123,27.2488,27.3141,1.3130000000000002,1.338,0.42,0.428,False
765.947,2019-10-06 22:48:57,25144.0,1047.641,-106.85138,16.78576,760.0,5.5444,5.5186,33883.0,3.3929739999999997,0.0639,0.0129,99.6775,-2.0579999999999998e-07,0.0,0.5043,0.514,0.0574,0.1196,4.637,0.0,0.0085,0.0,0.5037,0.5139,34.5339,34.6127,27.2491,27.3145,1.3419999999999999,1.3219999999999998,0.429,0.423,False
766.957,2019-10-06 22:48:57,25165.0,1048.504,-106.85138,16.78576,761.0,5.5425,5.5167,33882.0,3.392847,0.0639,0.0129,99.6775,0.00030923,0.0,0.5044,0.514,0.0574,0.1182,4.637,0.0,0.0099,0.0,0.5037,0.5136,34.5342,34.6127,27.2495,27.3148,1.406,1.2,0.449,0.384,False
767.967,2019-10-06 22:48:57,25183.0,1049.238,-106.85138,16.78576,762.0,5.5378,5.5118,33879.0,3.3925160000000005,0.0639,0.0135,99.6623,0.00021114,0.0,0.5043,0.5142,0.0574,0.1191,4.6362,0.0,0.0095,0.0,0.5038,0.5134,34.5341,34.6135,27.2501,27.316,1.324,1.3259999999999998,0.423,0.424,False
768.9760000000001,2019-10-06 22:48:57,25200.0,1049.952,-106.85136999999999,16.78576,763.0,5.5309,5.5051,33873.0,3.3919410000000005,0.0639,0.013,99.6751,0.00011947,0.0,0.5043,0.5141,0.0574,0.1197,4.6369,0.0,0.0091,0.0,0.5037,0.5138,34.5342,34.6132,27.251,27.3167,1.298,1.329,0.415,0.425,False
769.9860000000001,2019-10-06 22:48:57,25218.0,1050.7160000000001,-106.85136000000001,16.78576,764.0,5.5275,5.5017,33870.0,3.391634,0.0639,0.0126,99.6853,5.1654e-06,0.0,0.5043,0.5143,0.0574,0.1196,4.6374,0.0,0.0085,0.0,0.5038,0.5136,34.534,34.6128,27.2513,27.3167,1.419,1.281,0.45299999999999996,0.409,False
770.9960000000001,2019-10-06 22:48:57,25241.0,1051.653,-106.85136000000001,16.78576,765.0,5.5261,5.5001,33869.0,3.391511,0.0639,0.0126,99.6858,0.0015356,0.0,0.5043,0.5142,0.0574,0.1181,4.6374,0.0,0.0154,0.0,0.5038,0.5138,34.5339,34.6125,27.2513,27.3167,1.419,1.385,0.45299999999999996,0.442,False
772.0060000000001,2019-10-06 22:48:57,25275.0,1053.083,-106.85136000000001,16.78576,766.0,5.5238,5.4982,33867.0,3.391371,0.0639,0.0128,99.6813,0.0023598000000000004,0.0,0.5044,0.5142,0.0574,0.1184,4.6372,0.0,0.0188,0.0,0.5039,0.5137,34.5336,34.6123,27.2514,27.3168,1.3869999999999998,1.345,0.44299999999999995,0.43,False
773.015,2019-10-06 22:48:57,25313.0,1054.654,-106.85136000000001,16.78576,767.0,5.5228,5.4973,33867.0,3.3913279999999997,0.0639,0.013,99.6746,-4.605e-05,0.0,0.5044,0.5141,0.0574,0.1183,4.6368,0.0,0.0083,0.0,0.5041,0.5138,34.5342,34.6123,27.2519,27.3169,1.51,1.4069999999999998,0.48200000000000004,0.45,False
774.025,2019-10-06 22:48:57,25340.0,1055.7930000000001,-106.85136000000001,16.78576,768.0,5.5189,5.4931,33864.0,3.391023,0.0639,0.0127,99.6838,1e-12,0.0,0.5044,0.5143,0.0574,0.1179,4.6373,0.0,0.0085,0.0,0.504,0.5143,34.5336,34.6126,27.252,27.3176,1.219,1.469,0.39,0.469,False
775.035,2019-10-06 22:48:57,25362.0,1056.71,-106.85136000000001,16.78576,769.0,5.514,5.4882,33860.0,3.390628,0.0639,0.0135,99.662,1e-12,0.0,0.5045,0.5144,0.0574,0.1179,4.6362,0.0,0.0085,0.0,0.5039,0.5138,34.5336,34.6127,27.2525,27.3183,1.508,1.315,0.48200000000000004,0.42,False
776.044,2019-10-06 22:48:57,25382.0,1057.553,-106.85136000000001,16.78576,770.0,5.5086,5.4818,33856.0,3.3901239999999997,0.0639,0.0126,99.6855,0.00051168,0.0,0.5046,0.5143,0.0574,0.1188,4.6374,0.0,0.0108,0.0,0.5042,0.5142,34.5337,34.613,27.2533,27.3194,1.724,1.409,0.551,0.45,False
777.054,2019-10-06 22:48:57,25404.0,1058.452,-106.85136000000001,16.78576,771.0,5.5011,5.4756,33850.0,3.389586,0.0639,0.0126,99.6858,4.8805e-05,0.0,0.5047,0.5145,0.0574,0.1195,4.6374,0.0,0.0087,0.0,0.5043,0.514,34.534,34.6128,27.2545,27.3199,1.1740000000000002,1.2409999999999999,0.375,0.396,False
778.064,2019-10-06 22:48:57,25432.0,1059.644,-106.85136000000001,16.78576,772.0,5.5059,5.4806,33858.0,3.3903339999999997,0.0608,0.0131,99.6737,0.0012268,0.0,0.5045,0.5145,0.0571,0.1197,4.6368,0.0,0.014,0.0,0.5039,0.5137,34.5382,34.6156,27.2573,27.3216,1.213,1.301,0.387,0.41600000000000004,False
779.074,2019-10-06 22:48:57,25472.0,1061.275,-106.85136000000001,16.78576,773.0,5.5034,5.4778,33857.0,3.3902940000000004,0.0629,0.0137,99.6567,0.0003434,0.0,0.5049,0.5146,0.0573,0.1184,4.636,0.0,0.0101,0.0,0.5037,0.5137,34.5396,34.6175,27.2586,27.3234,1.315,1.18,0.42,0.377,False
780.0830000000001,2019-10-06 22:48:57,25505.0,1062.684,-106.85136000000001,16.78576,774.0,5.504,5.4785,33859.0,3.390449,0.0639,0.0122,99.6943,-9.579e-06,0.0,0.5044,0.5141,0.0574,0.1191,4.6378,0.0,0.0085,0.0,0.5037,0.5134,34.5406,34.618,27.2593,27.3238,1.327,1.258,0.424,0.402,False
781.0930000000001,2019-10-06 22:48:57,25531.0,1063.739,-106.85136000000001,16.78576,775.0,5.4955,5.4694,33852.0,3.389842,0.0639,0.0123,99.6938,1e-12,0.0,0.5044,0.5143,0.0574,0.1187,4.6378,0.0,0.0085,0.0,0.5037,0.5133,34.5405,34.62,27.2603,27.3264,1.3119999999999998,1.1740000000000002,0.419,0.375,False
782.1030000000001,2019-10-06 22:48:57,25552.0,1064.619,-106.85136000000001,16.78576,776.0,5.4784,5.452,33837.0,3.388385,0.0639,0.012,99.7003,1e-12,0.0,0.5044,0.5145,0.0574,0.1202,4.6381,0.0,0.0085,0.0,0.5037,0.5134,34.54,34.6207,27.262,27.3291,1.334,1.367,0.426,0.436,False
783.113,2019-10-06 22:48:57,25572.0,1065.445,-106.85136000000001,16.78576,777.0,5.4675,5.442,33827.0,3.387287,0.0639,0.0125,99.6883,0.0008083,0.0,0.5043,0.5138,0.0574,0.1197,4.6375,0.0,0.0122,0.0,0.5037,0.5136,34.5393,34.618,27.2628,27.3281,1.334,1.3530000000000002,0.426,0.43200000000000005,False
784.122,2019-10-06 22:48:57,25592.0,1066.3039999999999,-106.85136000000001,16.78576,778.0,5.4657,5.4401,33825.0,3.387111,0.0639,0.0126,99.6848,0.00043638,0.0,0.5044,0.514,0.0574,0.1196,4.6373,0.0,0.0105,0.0,0.5037,0.5136,34.5391,34.6175,27.2628,27.3279,1.335,1.306,0.426,0.41700000000000004,False
785.132,2019-10-06 22:48:57,25616.0,1067.272,-106.85136000000001,16.78576,779.0,5.4641,5.4386,33824.0,3.3870190000000004,0.0639,0.0126,99.6858,0.0001388,0.0,0.5043,0.5138,0.0574,0.1196,4.6374,0.0,0.0092,0.0,0.5037,0.5137,34.5392,34.6174,27.2631,27.3281,1.335,1.359,0.426,0.434,False
786.1419999999999,2019-10-06 22:48:57,25642.0,1068.369,-106.85136000000001,16.78576,780.0,5.463,5.4375,33824.0,3.386966,0.0639,0.0126,99.6858,-1.79e-06,0.0,0.5043,0.514,0.0574,0.1185,4.6374,0.0,0.0085,0.0,0.5037,0.5136,34.5393,34.6175,27.2634,27.3283,1.349,1.314,0.43,0.419,False
787.1519999999999,2019-10-06 22:48:57,25672.0,1069.626,-106.85136000000001,16.78576,781.0,5.4618,5.4361,33823.0,3.3869230000000003,0.0639,0.0126,99.6858,1e-12,0.0,0.5043,0.514,0.0574,0.1192,4.6374,0.0,0.0085,0.0,0.5038,0.5137,34.5395,34.6179,27.2636,27.3288,1.382,1.369,0.441,0.43700000000000006,False
788.1610000000001,2019-10-06 22:48:57,25708.0,1071.111,-106.85136000000001,16.78576,782.0,5.4546,5.4287,33817.0,3.386325,0.0597,0.0127,99.6823,0.00035928,0.0,0.5043,0.5141,0.057,0.1181,4.6372,0.0,0.0102,0.0,0.5038,0.5138,34.5394,34.6182,27.2645,27.3299,1.43,1.305,0.456,0.41600000000000004,False
789.171,2019-10-06 22:48:57,25742.0,1072.524,-106.85136000000001,16.78576,783.0,5.4524,5.4269,33816.0,3.386168,0.0639,0.0129,99.6788,0.0018926,0.0,0.5043,0.5142,0.0574,0.1187,4.6371,0.0,0.0166,0.0,0.5038,0.5137,34.5396,34.6178,27.2649,27.3298,1.2919999999999998,1.273,0.41200000000000003,0.406,False
790.181,2019-10-06 22:48:57,25771.0,1073.747,-106.85136000000001,16.78576,784.0,5.4518,5.4262,33816.0,3.386172,0.0639,0.0126,99.686,-6.189e-05,0.0,0.5044,0.5143,0.0574,0.1197,4.6374,0.0,0.0082,0.0,0.5039,0.5137,34.5396,34.618,27.265,27.3301,1.449,1.371,0.462,0.43700000000000006,False
791.191,2019-10-06 22:48:57,25795.0,1074.754,-106.85136000000001,16.78576,785.0,5.4504,5.4243,33815.0,3.386076,0.0639,0.0132,99.6699,2.2469e-05,0.0,0.5044,0.5142,0.0574,0.1196,4.6366,0.0,0.0086,0.0,0.5039,0.5137,34.5394,34.6183,27.265,27.3306,1.508,1.42,0.48100000000000004,0.45299999999999996,False
792.201,2019-10-06 22:48:57,25816.0,1075.607,-106.85136000000001,16.78576,786.0,5.4403,5.4135,33806.0,3.385265,0.0639,0.0131,99.6727,0.00010695,0.0,0.5045,0.5142,0.0574,0.1189,4.6368,0.0,0.0091,0.0,0.5042,0.514,34.5395,34.6197,27.2663,27.333,1.67,1.3519999999999999,0.5329999999999999,0.431,False
793.211,2019-10-06 22:48:57,25835.0,1076.399,-106.85136000000001,16.78576,787.0,5.4283,5.4012,33796.0,3.3841769999999998,0.0639,0.0128,99.68,-4.870000000000001e-07,0.0,0.5044,0.5141,0.0574,0.1181,4.6371,0.0,0.0085,0.0,0.5044,0.5138,34.5395,34.6194,27.2677,27.3342,1.705,1.3869999999999998,0.544,0.442,False
794.22,2019-10-06 22:48:57,25854.0,1077.205,-106.85136000000001,16.78576,788.0,5.4147,5.3886,33784.0,3.383018,0.0639,0.0126,99.6858,0.00011818,0.0,0.5045,0.5142,0.0574,0.1197,4.6374,0.0,0.0091,0.0,0.5045,0.5141,34.5397,34.6186,27.2695,27.3351,1.714,1.615,0.546,0.514,False
795.23,2019-10-06 22:48:57,25875.0,1078.078,-106.85136000000001,16.78576,789.0,5.4101,5.3845,33780.0,3.3826339999999995,0.0639,0.0126,99.6858,3.4971e-06,0.0,0.5045,0.5142,0.0574,0.1197,4.6374,0.0,0.0085,0.0,0.5048,0.5142,34.5395,34.6179,27.2699,27.3351,1.726,1.401,0.55,0.447,False
796.24,2019-10-06 22:48:57,25900.0,1079.14,-106.85136000000001,16.78576,790.0,5.4024,5.3769,33774.0,3.3819800000000004,0.0639,0.013,99.6757,1e-12,0.0,0.5047,0.5143,0.0574,0.1183,4.6369,0.0,0.0085,0.0,0.5049,0.5143,34.5394,34.6178,27.2707,27.3359,1.659,1.5819999999999999,0.528,0.504,False
797.25,2019-10-06 22:48:57,25937.0,1080.675,-106.85136000000001,16.78576,791.0,5.3983,5.3729,33770.0,3.381597,0.0639,0.0131,99.6736,1e-12,0.0,0.5051,0.5146,0.0574,0.1196,4.6368,0.0,0.0085,0.0,0.505,0.5144,34.539,34.6171,27.2709,27.3358,1.587,1.456,0.506,0.46399999999999997,False
798.26,2019-10-06 22:48:57,25979.0,1082.4360000000001,-106.85136000000001,16.78576,792.0,5.3974,5.3719,33770.0,3.381568,0.0639,0.0126,99.6861,1e-12,0.0,0.5054,0.5147,0.0574,0.1181,4.6374,0.0,0.0085,0.0,0.505,0.5144,34.5388,34.6172,27.2708,27.336,1.605,1.482,0.511,0.47200000000000003,False
799.2689999999999,2019-10-06 22:48:57,26014.0,1083.857,-106.85136000000001,16.78576,793.0,5.3945,5.369,33768.0,3.381355,0.0639,0.0126,99.6858,0.00012856,0.0,0.5055,0.5149,0.0574,0.1184,4.6374,0.0,0.0091,0.0,0.505,0.5146,34.5388,34.6172,27.2712,27.3364,1.588,1.581,0.506,0.504,False
800.279,2019-10-06 22:48:57,26038.0,1084.894,-106.85136000000001,16.78576,794.0,5.3919,5.3664,33766.0,3.381178,0.0683,0.0132,99.6703,0.0004887,0.0,0.5054,0.5149,0.0578,0.1196,4.6366,0.0,0.0109,0.0,0.505,0.5147,34.5387,34.6174,27.2715,27.3369,1.589,1.567,0.506,0.499,False
801.289,2019-10-06 22:48:57,26059.0,1085.758,-106.85136000000001,16.78576,795.0,5.3867,5.3608,33761.0,3.380757,0.0856,0.0132,99.67,0.0015918,0.0,0.5055,0.515,0.0595,0.1197,4.6366,0.0,0.0155,0.0,0.505,0.5147,34.5387,34.6179,27.2721,27.3379,1.589,1.466,0.506,0.467,False
802.299,2019-10-06 22:48:57,26079.0,1086.6019999999999,-106.85136000000001,16.78576,796.0,5.3768,5.3508,33753.0,3.37994,0.0651,0.0128,99.6805,0.0017747,0.0,0.5055,0.5149,0.0575,0.1196,4.6371,0.0,0.0164,0.0,0.505,0.5146,34.5386,34.6183,27.2732,27.3395,1.686,1.605,0.537,0.511,False
803.309,2019-10-06 22:48:57,26102.0,1087.529,-106.85136000000001,16.78576,797.0,5.3567,5.3306,33735.0,3.378194,0.0639,0.0129,99.6778,0.00073224,0.0,0.5055,0.5151,0.0574,0.1197,4.637,0.0,0.0118,0.0,0.5053,0.5149,34.5387,34.6185,27.2757,27.342,2.05,1.649,0.652,0.525,False
804.319,2019-10-06 22:48:57,26127.0,1088.594,-106.85136000000001,16.78576,798.0,5.3451,5.3194,33725.0,3.3770540000000002,0.0639,0.0131,99.6727,6.690599999999999e-06,0.0,0.5055,0.5153,0.0574,0.1197,4.6368,0.0,0.0085,0.0,0.5056,0.5149,34.5382,34.6166,27.2766,27.3418,1.881,1.591,0.598,0.506,False
805.329,2019-10-06 22:48:57,26155.0,1089.748,-106.85136000000001,16.78576,799.0,5.3356,5.3101,33717.0,3.3762519999999996,0.0639,0.0134,99.6644,0.00020582,0.0,0.5055,0.515,0.0574,0.1196,4.6363,0.0,0.0095,0.0,0.5059,0.515,34.5381,34.6164,27.2777,27.3428,2.0469999999999997,1.6680000000000001,0.6509999999999999,0.53,False
806.3380000000001,2019-10-06 22:48:57,26183.0,1090.896,-106.85135,16.78576,800.0,5.332,5.3066,33714.0,3.3759370000000004,0.0574,0.0141,99.6475,-3.969e-06,0.0,0.5057,0.5154,0.0568,0.1197,4.6356,0.0,0.0085,0.0,0.5062,0.5152,34.538,34.6159,27.2781,27.3428,1.929,1.831,0.614,0.5820000000000001,False
807.3480000000001,2019-10-06 22:48:57,26208.0,1091.944,-106.85134,16.78576,801.0,5.3297,5.3042,33712.0,3.375774,0.0634,0.0137,99.6563,1e-12,0.0,0.5062,0.5154,0.0574,0.1196,4.636,0.0,0.0085,0.0,0.5062,0.5155,34.5379,34.6161,27.2783,27.3433,1.8559999999999999,1.715,0.59,0.545,False
808.3580000000001,2019-10-06 22:48:57,26230.0,1092.895,-106.85134,16.78576,802.0,5.3271,5.3017,33710.0,3.375606,0.0639,0.013,99.676,1e-12,0.0,0.5063,0.5154,0.0574,0.1181,4.6369,0.0,0.0085,0.0,0.5063,0.5157,34.538,34.6163,27.2787,27.3437,1.85,1.775,0.588,0.565,False
809.368,2019-10-06 22:48:57,26253.0,1093.813,-106.85134,16.78576,803.0,5.3246,5.2984,33708.0,3.375372,0.0574,0.0136,99.6591,1e-12,0.0,0.5066,0.5156,0.0568,0.1191,4.6361,0.0,0.0085,0.0,0.5063,0.5155,34.5381,34.6164,27.279,27.3442,1.966,1.706,0.625,0.5429999999999999,False
810.378,2019-10-06 22:48:57,26276.0,1094.8,-106.85134,16.78576,804.0,5.3154,5.2898,33701.0,3.374675,0.0624,0.0136,99.6595,0.00036925,0.0,0.5067,0.516,0.0573,0.1197,4.6361,0.0,0.0103,0.0,0.5065,0.5158,34.5379,34.6169,27.28,27.3456,2.074,1.8359999999999999,0.659,0.584,False
811.388,2019-10-06 22:48:57,26305.0,1096.018,-106.85134,16.78576,805.0,5.3069,5.2814,33693.0,3.3739120000000002,0.0787,0.0136,99.6595,0.00021769,0.0,0.5067,0.516,0.0589,0.1197,4.6361,0.0,0.0095,0.0,0.5067,0.5158,34.5379,34.6162,27.281,27.3461,2.221,1.7719999999999998,0.706,0.563,False
812.398,2019-10-06 22:48:57,26350.0,1097.885,-106.85134,16.78576,806.0,5.302,5.2765,33689.0,3.3735180000000002,0.064,0.0141,99.6476,0.00015332,0.0,0.5069,0.5161,0.0574,0.1196,4.6356,0.0,0.0092,0.0,0.5072,0.5158,34.5379,34.6163,27.2816,27.3467,2.102,1.7919999999999998,0.6679999999999999,0.569,False
813.408,2019-10-06 22:48:57,26393.0,1099.678,-106.85134,16.78576,807.0,5.2956,5.2702,33684.0,3.3730339999999996,0.0639,0.0137,99.6574,0.00013798,0.0,0.5073,0.5163,0.0574,0.1192,4.636,0.0,0.0092,0.0,0.5073,0.5159,34.5383,34.6166,27.2826,27.3477,2.021,1.7730000000000001,0.642,0.564,False
814.4169999999999,2019-10-06 22:48:57,26422.0,1100.879,-106.85134,16.78576,808.0,5.2896,5.2641,33680.0,3.372556,0.0639,0.0136,99.6595,0.00045975,0.0,0.5078,0.5162,0.0574,0.1184,4.6361,0.0,0.0107,0.0,0.5071,0.5161,34.5385,34.617,27.2835,27.3488,2.001,1.882,0.636,0.598,False
815.428,2019-10-06 22:48:57,26444.0,1101.802,-106.85134,16.78576,809.0,5.2859,5.2603,33677.0,3.372267,0.0639,0.0137,99.657,0.00048027,0.0,0.5078,0.5164,0.0574,0.1195,4.636,0.0,0.0107,0.0,0.5074,0.5161,34.5385,34.6171,27.284,27.3493,2.25,1.921,0.715,0.61,False
816.437,2019-10-06 22:48:57,26463.0,1102.597,-106.85134,16.78576,810.0,5.2729,5.2468,33666.0,3.371204,0.0639,0.0137,99.6566,0.00011058,0.0,0.5077,0.5165,0.0574,0.1197,4.636,0.0,0.0091,0.0,0.5074,0.5164,34.5386,34.6183,27.2856,27.3519,2.061,1.906,0.655,0.605,False
817.447,2019-10-06 22:48:57,26481.0,1103.3319999999999,-106.85134,16.78576,811.0,5.2637,5.2377,33657.0,3.3703230000000004,0.0639,0.0137,99.6564,1.217e-05,0.0,0.5078,0.5164,0.0574,0.1195,4.636,0.0,0.0086,0.0,0.5074,0.5161,34.5378,34.6171,27.2861,27.3519,2.06,1.861,0.654,0.591,False
818.457,2019-10-06 22:48:57,26498.0,1104.042,-106.85136000000001,16.78576,812.0,5.2567,5.231,33652.0,3.36971,0.0639,0.0141,99.6487,4.0364e-05,0.0,0.5078,0.5164,0.0574,0.1197,4.6356,0.0,0.0087,0.0,0.5074,0.5164,34.5381,34.6164,27.2871,27.3522,2.061,2.033,0.654,0.645,False
819.467,2019-10-06 22:48:57,26515.0,1104.765,-106.85136000000001,16.78576,813.0,5.2503,5.2245,33647.0,3.3692800000000003,0.0639,0.0146,99.6349,1.1540999999999998e-05,0.0,0.5076,0.5166,0.0574,0.1197,4.635,0.0,0.0086,0.0,0.5074,0.5166,34.5389,34.6177,27.2885,27.354,2.131,1.9669999999999999,0.6759999999999999,0.624,False
820.477,2019-10-06 22:48:57,26535.0,1105.566,-106.85136000000001,16.78576,814.0,5.2408,5.2151,33639.0,3.3685169999999998,0.0639,0.0138,99.6553,2.4002e-07,0.0,0.5079,0.5166,0.0574,0.1196,4.6359,0.0,0.0085,0.0,0.5075,0.5165,34.5387,34.6182,27.2894,27.3555,2.24,1.959,0.711,0.622,False
821.487,2019-10-06 22:48:57,26562.0,1106.712,-106.85136000000001,16.78576,815.0,5.2244,5.1989,33624.0,3.367025,0.0639,0.0142,99.6441,0.00015933,0.0,0.5079,0.5168,0.0574,0.1196,4.6354,0.0,0.0093,0.0,0.5077,0.5169,34.5377,34.6172,27.2906,27.3566,2.456,2.155,0.779,0.6829999999999999,False
822.497,2019-10-06 22:48:57,26611.0,1108.74,-106.85136000000001,16.78576,816.0,5.2203,5.1949,33621.0,3.3666339999999995,0.0639,0.0144,99.6416,0.00085369,0.0,0.508,0.517,0.0574,0.1195,4.6353,0.0,0.0123,0.0,0.5086,0.5172,34.5386,34.6164,27.2918,27.3564,2.489,2.0869999999999997,0.79,0.662,False
823.507,2019-10-06 22:48:57,26653.0,1110.52,-106.85136000000001,16.78576,817.0,5.2176,5.1921,33619.0,3.366448,0.0639,0.0139,99.6512,-1.867e-05,0.0,0.5084,0.5175,0.0574,0.1183,4.6357,0.0,0.0084,0.0,0.5087,0.5173,34.5385,34.6167,27.292,27.357,2.336,2.112,0.741,0.67,False
824.5169999999999,2019-10-06 22:48:57,26683.0,1111.732,-106.85136000000001,16.78576,818.0,5.2143,5.1889,33616.0,3.3662080000000003,0.0639,0.0137,99.6575,0.00028951,0.0,0.509,0.5176,0.0574,0.1197,4.636,0.0,0.0099,0.0,0.5087,0.5176,34.5384,34.6166,27.2924,27.3574,2.323,2.1390000000000002,0.737,0.6779999999999999,False
825.5269999999999,2019-10-06 22:48:57,26707.0,1112.734,-106.85136000000001,16.78576,819.0,5.2121,5.1867,33615.0,3.36605,0.0639,0.0137,99.657,-7.43e-06,0.0,0.5091,0.5178,0.0574,0.1196,4.636,0.0,0.0085,0.0,0.5087,0.5173,34.5382,34.6166,27.2925,27.3576,2.316,2.093,0.735,0.664,False
826.5369999999999,2019-10-06 22:48:57,26728.0,1113.623,-106.85136000000001,16.78576,820.0,5.2065,5.181,33610.0,3.3656370000000004,0.0639,0.0136,99.6596,1e-12,0.0,0.5091,0.5178,0.0574,0.1196,4.6361,0.0,0.0085,0.0,0.5087,0.5177,34.538,34.6173,27.293,27.3588,2.36,2.456,0.7490000000000001,0.779,False
827.547,2019-10-06 22:48:57,26748.0,1114.448,-106.85136000000001,16.78576,821.0,5.1993,5.1737,33604.0,3.3649989999999996,0.0639,0.0136,99.6595,0.00036869,0.0,0.5092,0.5178,0.0574,0.1196,4.6361,0.0,0.0102,0.0,0.5088,0.5182,34.5383,34.617,27.2941,27.3594,2.456,2.285,0.779,0.7240000000000001,False
828.557,2019-10-06 22:48:57,26766.0,1115.2269999999999,-106.85136000000001,16.78576,822.0,5.1917,5.1661,33598.0,3.364433,0.0639,0.0137,99.6582,1.013e-05,0.0,0.5092,0.5181,0.0574,0.1196,4.636,0.0,0.0085,0.0,0.5088,0.5179,34.5386,34.6178,27.2952,27.3609,2.6430000000000002,2.229,0.838,0.7070000000000001,False
829.567,2019-10-06 22:48:57,26786.0,1116.021,-106.85136000000001,16.78576,823.0,5.1853,5.1597,33593.0,3.363854,0.0639,0.0137,99.6568,7.033e-05,0.0,0.5092,0.5177,0.0574,0.1196,4.636,0.0,0.0089,0.0,0.5093,0.5181,34.5388,34.6172,27.2961,27.3613,3.0380000000000003,2.3609999999999998,0.963,0.748,False
830.577,2019-10-06 22:48:57,26806.0,1116.888,-106.85136000000001,16.78576,824.0,5.1728,5.1467,33582.0,3.362885,0.0639,0.0136,99.6596,-2.9889999999999997e-06,0.0,0.5092,0.5181,0.0574,0.1196,4.6361,0.0,0.0085,0.0,0.5099,0.5184,34.5386,34.6189,27.2975,27.3641,2.873,2.595,0.91,0.8220000000000001,False
831.587,2019-10-06 22:48:57,26831.0,1117.897,-106.85136000000001,16.78576,825.0,5.1629,5.137,33574.0,3.361915,0.0714,0.0136,99.6595,0.00042456,0.0,0.5093,0.5185,0.0581,0.1198,4.6361,0.0,0.0105,0.0,0.5099,0.5188,34.5391,34.6174,27.299,27.364,2.552,2.503,0.809,0.7929999999999999,False
832.597,2019-10-06 22:48:57,26862.0,1119.2269999999999,-106.85136000000001,16.78576,826.0,5.1573,5.1321,33569.0,3.361514,0.0729,0.0136,99.6595,3.3388e-05,0.0,0.5097,0.5184,0.0583,0.1197,4.6361,0.0,0.0087,0.0,0.5099,0.519,34.5391,34.6173,27.2996,27.3646,2.563,2.5340000000000003,0.812,0.8029999999999999,False
833.607,2019-10-06 22:48:57,26903.0,1120.9160000000002,-106.85135,16.78576,827.0,5.1471,5.1216,33561.0,3.3606239999999996,0.0638,0.0136,99.6595,-3.2909999999999995e-07,0.0,0.5104,0.5191,0.0574,0.1195,4.6361,0.0,0.0085,0.0,0.5101,0.5194,34.5391,34.6174,27.3008,27.3658,2.718,2.608,0.861,0.826,False
834.617,2019-10-06 22:48:57,26940.0,1122.441,-106.85134,16.78576,828.0,5.1431,5.1176,33558.0,3.360297,0.0639,0.0146,99.6356,1e-12,0.0,0.5104,0.5193,0.0574,0.1197,4.635,0.0,0.0085,0.0,0.5103,0.5195,34.5393,34.6172,27.3015,27.3662,2.9330000000000003,2.537,0.929,0.8029999999999999,False
835.627,2019-10-06 22:48:57,26970.0,1123.728,-106.85135,16.78576,829.0,5.1395,5.1141,33555.0,3.3600309999999998,0.0639,0.0146,99.6351,1e-12,0.0,0.5104,0.5196,0.0574,0.1197,4.635,0.0,0.0085,0.0,0.5107,0.5196,34.5392,34.6173,27.3018,27.3667,2.8289999999999997,2.562,0.8959999999999999,0.8109999999999999,False
836.637,2019-10-06 22:48:57,26997.0,1124.845,-106.85136000000001,16.78576,830.0,5.135,5.1093,33552.0,3.359699,0.0639,0.0137,99.6574,1e-12,0.0,0.5107,0.5198,0.0574,0.1199,4.636,0.0,0.0085,0.0,0.5108,0.5197,34.5395,34.6179,27.3025,27.3677,2.927,2.593,0.927,0.821,False
837.6469999999999,2019-10-06 22:48:57,27021.0,1125.8139999999999,-106.85136000000001,16.78576,831.0,5.1317,5.1064,33549.0,3.359439,0.0639,0.0147,99.6325,1e-12,0.0,0.5106,0.5199,0.0574,0.1196,4.6349,0.0,0.0085,0.0,0.5111,0.5196,34.5394,34.6175,27.3029,27.3677,2.9219999999999997,2.487,0.925,0.787,False
838.6569999999999,2019-10-06 22:48:57,27042.0,1126.7,-106.85136000000001,16.78576,832.0,5.1318,5.1065,33549.0,3.359496,0.0639,0.0145,99.6392,0.00036652,0.0,0.5113,0.5199,0.0574,0.1196,4.6352,0.0,0.0103,0.0,0.511,0.5196,34.5391,34.6175,27.3027,27.3677,2.701,2.728,0.855,0.863,False
839.6669999999999,2019-10-06 22:48:57,27063.0,1127.5819999999999,-106.85136000000001,16.78576,833.0,5.1317,5.1062,33550.0,3.359514,0.0639,0.0139,99.652,3.3946999999999996e-07,0.0,0.5111,0.52,0.0574,0.1196,4.6358,0.0,0.0085,0.0,0.5109,0.5202,34.5394,34.6174,27.3029,27.3677,2.7460000000000004,2.872,0.8690000000000001,0.909,False
840.677,2019-10-06 22:48:57,27084.0,1128.465,-106.85135,16.78576,834.0,5.1309,5.1055,33549.0,3.359492,0.0639,0.0146,99.6359,0.00021194,0.0,0.5114,0.5201,0.0574,0.1197,4.635,0.0,0.0095,0.0,0.5111,0.5203,34.5392,34.6175,27.3028,27.3679,2.895,2.8,0.917,0.8859999999999999,False
841.687,2019-10-06 22:48:57,27107.0,1129.4089999999999,-106.85134,16.78576,835.0,5.1301,5.1047,33549.0,3.3594760000000004,0.0639,0.0147,99.6344,0.00041523,0.0,0.5116,0.52,0.0574,0.1197,4.635,0.0,0.0104,0.0,0.5111,0.5202,34.5392,34.6176,27.303,27.368,2.8,2.539,0.887,0.804,False
842.697,2019-10-06 22:48:57,27131.0,1130.4189999999999,-106.85134,16.78576,836.0,5.1288,5.1033,33548.0,3.359396,0.0639,0.0147,99.6333,0.00024711,0.0,0.5115,0.5202,0.0574,0.1196,4.6349,0.0,0.0096,0.0,0.5111,0.5201,34.5391,34.6177,27.303,27.3683,2.792,2.535,0.884,0.802,False
843.707,2019-10-06 22:48:57,27157.0,1131.484,-106.85134,16.78576,837.0,5.1255,5.1,33546.0,3.3591839999999995,0.0639,0.0147,99.6344,-6.211e-06,0.0,0.5115,0.5206,0.0574,0.1196,4.6349,0.0,0.0085,0.0,0.5111,0.52,34.5392,34.6181,27.3035,27.369,2.792,2.662,0.884,0.843,False
844.717,2019-10-06 22:48:57,27183.0,1132.5639999999999,-106.85135,16.78576,838.0,5.1213,5.0961,33543.0,3.3588620000000002,0.0639,0.0147,99.6323,0.00029435,0.0,0.5116,0.5209,0.0574,0.1197,4.6349,0.0,0.0098,0.0,0.5111,0.5201,34.5393,34.6179,27.3041,27.3693,2.793,2.5980000000000003,0.884,0.8220000000000001,False
845.727,2019-10-06 22:48:57,27212.0,1133.7730000000001,-106.85136000000001,16.78576,839.0,5.1172,5.0921,33539.0,3.3585339999999997,0.0639,0.0147,99.6333,4.1131e-06,0.0,0.5116,0.5205,0.0574,0.119,4.6349,0.0,0.0085,0.0,0.5111,0.52,34.5392,34.6178,27.3045,27.3697,2.822,2.645,0.893,0.8370000000000001,False
846.737,2019-10-06 22:48:57,27245.0,1135.18,-106.85136000000001,16.78576,840.0,5.1149,5.0897,33538.0,3.3583519999999996,0.0639,0.0143,99.6423,0.00019839,0.0,0.5116,0.5205,0.0574,0.1187,4.6353,0.0,0.0094,0.0,0.5111,0.5202,34.5391,34.6177,27.3047,27.3699,2.778,2.7560000000000002,0.879,0.872,False
847.747,2019-10-06 22:48:57,27285.0,1136.838,-106.85136000000001,16.78576,841.0,5.1137,5.0886,33538.0,3.358283,0.0639,0.0148,99.6298,0.00085767,0.0,0.5116,0.5205,0.0574,0.1196,4.6347,0.0,0.0122,0.0,0.5111,0.5205,34.5403,34.6175,27.3058,27.3699,2.795,2.813,0.884,0.89,False
848.757,2019-10-06 22:48:57,27322.0,1138.358,-106.85136000000001,16.78576,842.0,5.1125,5.0873,33537.0,3.358232,0.0639,0.0146,99.6352,-3.805e-05,0.0,0.5116,0.5205,0.0574,0.1186,4.635,0.0,0.0083,0.0,0.5111,0.5204,34.5404,34.6177,27.3061,27.3702,2.846,2.641,0.9009999999999999,0.836,False
849.7669999999999,2019-10-06 22:48:57,27348.0,1139.473,-106.85136000000001,16.78576,843.0,5.1111,5.0858,33537.0,3.358142,0.0639,0.0147,99.6333,1e-12,0.0,0.5116,0.5208,0.0574,0.119,4.6349,0.0,0.0085,0.0,0.5112,0.5205,34.5404,34.6177,27.3061,27.3704,2.813,2.873,0.89,0.909,False
850.778,2019-10-06 22:48:57,27370.0,1140.393,-106.85136000000001,16.78576,844.0,5.1099,5.0846,33536.0,3.358082,0.0639,0.0141,99.6467,0.00036129,0.0,0.5116,0.521,0.0574,0.1196,4.6355,0.0,0.0102,0.0,0.5112,0.5208,34.5403,34.6178,27.3063,27.3706,2.8169999999999997,2.865,0.8909999999999999,0.9059999999999999,False
851.788,2019-10-06 22:48:57,27390.0,1141.226,-106.85136000000001,16.78576,845.0,5.1064,5.081,33533.0,3.35786,0.0639,0.0143,99.6435,0.00067019,0.0,0.5116,0.5211,0.0574,0.1197,4.6354,0.0,0.0117,0.0,0.5112,0.5208,34.5404,34.6185,27.3067,27.3716,2.861,2.74,0.905,0.867,False
852.798,2019-10-06 22:48:57,27409.0,1142.004,-106.85136000000001,16.78576,846.0,5.0996,5.074,33527.0,3.357311,0.0639,0.0146,99.636,5.6991999999999996e-06,0.0,0.5116,0.5207,0.0574,0.1196,4.635,0.0,0.0085,0.0,0.5112,0.5207,34.5397,34.6188,27.3069,27.3727,3.1,2.8689999999999998,0.981,0.9079999999999999,False
853.808,2019-10-06 22:48:57,27427.0,1142.763,-106.85136000000001,16.78576,847.0,5.0902,5.065,33519.0,3.356547,0.0639,0.0144,99.6403,7.295899999999999e-05,0.0,0.5117,0.521,0.0574,0.1199,4.6352,0.0,0.0089,0.0,0.5116,0.521,34.5396,34.6189,27.308,27.3738,2.9989999999999997,3.048,0.9490000000000001,0.9640000000000001,False
854.818,2019-10-06 22:48:57,27446.0,1143.546,-106.85136000000001,16.78576,848.0,5.0848,5.0596,33514.0,3.356037,0.0639,0.0139,99.6527,0.00013139,0.0,0.5116,0.5212,0.0574,0.1188,4.6358,0.0,0.0092,0.0,0.5114,0.5212,34.5393,34.618,27.3084,27.3737,3.176,2.6,1.004,0.8220000000000001,False
855.828,2019-10-06 22:48:57,27467.0,1144.413,-106.85136000000001,16.78576,849.0,5.0839,5.0587,33514.0,3.355976,0.0639,0.0147,99.6334,0.0014092,0.0,0.5117,0.5213,0.0574,0.1182,4.6349,0.0,0.0148,0.0,0.5122,0.5205,34.5394,34.6178,27.3086,27.3737,3.46,2.6860000000000004,1.094,0.8490000000000001,False
856.8380000000001,2019-10-06 22:48:57,27492.0,1145.471,-106.85136000000001,16.78576,850.0,5.0814,5.0561,33512.0,3.355785,0.0639,0.0141,99.6466,0.0007191,0.0,0.5118,0.5213,0.0574,0.1196,4.6355,0.0,0.0117,0.0,0.5122,0.5209,34.5394,34.6178,27.3089,27.3739,3.015,2.8989999999999996,0.953,0.917,False
857.8480000000001,2019-10-06 22:48:57,27528.0,1146.941,-106.85136000000001,16.78576,851.0,5.0782,5.0529,33510.0,3.3555300000000003,0.0639,0.0138,99.6553,3.8712e-05,0.0,0.5121,0.5214,0.0574,0.1183,4.6359,0.0,0.0087,0.0,0.5123,0.5209,34.5391,34.6176,27.309,27.3742,3.1039999999999996,2.87,0.981,0.907,False
858.8580000000001,2019-10-06 22:48:57,27569.0,1148.671,-106.85136000000001,16.78576,852.0,5.076,5.0508,33508.0,3.355385,0.0639,0.0137,99.6567,0.00025342,0.0,0.5127,0.5213,0.0574,0.1197,4.636,0.0,0.0097,0.0,0.5124,0.5211,34.5391,34.6176,27.3093,27.3745,3.088,2.911,0.976,0.92,False
859.868,2019-10-06 22:48:57,27603.0,1150.099,-106.85136000000001,16.78574,853.0,5.0744,5.0492,33508.0,3.35529,0.0639,0.0139,99.6529,-6.237999999999999e-06,0.0,0.5127,0.5214,0.0574,0.1197,4.6358,0.0,0.0085,0.0,0.5124,0.5214,34.5399,34.6177,27.3101,27.3747,3.054,3.071,0.966,0.971,False
860.8789999999999,2019-10-06 22:48:57,27632.0,1151.2939999999999,-106.85136000000001,16.78574,854.0,5.0721,5.0468,33506.0,3.3551260000000003,0.0639,0.0143,99.6428,0.00047389,0.0,0.5127,0.5215,0.0574,0.1197,4.6353,0.0,0.0107,0.0,0.5124,0.5214,34.5403,34.6178,27.3107,27.375,3.056,2.801,0.966,0.885,False
861.8889999999999,2019-10-06 22:48:57,27659.0,1152.397,-106.85136999999999,16.78574,855.0,5.0699,5.0448,33505.0,3.354972,0.0639,0.0145,99.6388,0.0001555,0.0,0.5128,0.5217,0.0574,0.1196,4.6351,0.0,0.0093,0.0,0.5124,0.5214,34.5404,34.6176,27.3111,27.3752,3.134,3.051,0.991,0.9640000000000001,False
862.8989999999999,2019-10-06 22:48:57,27684.0,1153.4389999999999,-106.85138,16.78574,856.0,5.0673,5.042,33503.0,3.354801,0.0639,0.014,99.6499,0.00058784,0.0,0.5128,0.5218,0.0574,0.1196,4.6357,0.0,0.0112,0.0,0.5125,0.5215,34.5404,34.618,27.3113,27.3758,3.094,2.907,0.978,0.919,False
863.909,2019-10-06 22:48:57,27707.0,1154.403,-106.85138,16.78574,857.0,5.0627,5.0374,33498.0,3.354421,0.0639,0.0145,99.6372,8.6347e-06,0.0,0.5128,0.522,0.0574,0.1195,4.6351,0.0,0.0085,0.0,0.5125,0.5215,34.5393,34.6179,27.311,27.3762,3.2039999999999997,3.142,1.013,0.993,False
864.919,2019-10-06 22:48:57,27727.0,1155.251,-106.85136000000001,16.78574,858.0,5.0563,5.0308,33493.0,3.3539660000000002,0.0639,0.014,99.65,1e-12,0.0,0.5128,0.5216,0.0574,0.1196,4.6357,0.0,0.0085,0.0,0.5128,0.522,34.5394,34.619,27.3119,27.3779,3.565,3.278,1.126,1.036,False
865.929,2019-10-06 22:48:57,27746.0,1156.038,-106.85136000000001,16.78576,859.0,5.0416,5.0158,33481.0,3.3527419999999997,0.0639,0.0147,99.6324,1e-12,0.0,0.5128,0.5221,0.0574,0.1196,4.6349,0.0,0.0085,0.0,0.5133,0.5221,34.54,34.6198,27.314,27.3803,3.705,3.0260000000000002,1.17,0.956,False
866.94,2019-10-06 22:48:57,27765.0,1156.829,-106.85136000000001,16.78576,860.0,5.0348,5.0095,33476.0,3.352201,0.0639,0.0148,99.632,0.00036905,0.0,0.513,0.5219,0.0574,0.1197,4.6348,0.0,0.0102,0.0,0.5135,0.5219,34.5407,34.6195,27.3154,27.3808,3.495,3.016,1.104,0.953,False
867.95,2019-10-06 22:48:57,27787.0,1157.745,-106.85136000000001,16.78576,861.0,5.0307,5.0054,33473.0,3.351862,0.0639,0.0147,99.6342,0.00039792,0.0,0.5129,0.5219,0.0574,0.1197,4.6349,0.0,0.0103,0.0,0.5136,0.5221,34.5411,34.6194,27.3161,27.3812,3.279,3.2039999999999997,1.036,1.012,False
868.96,2019-10-06 22:48:57,27823.0,1159.261,-106.85136000000001,16.78576,862.0,5.0289,5.0039,33472.0,3.3517620000000004,0.0639,0.015,99.6243,0.00034688,0.0,0.5135,0.5225,0.0574,0.1196,4.6345,0.0,0.0101,0.0,0.5136,0.5224,34.5412,34.6193,27.3165,27.3812,3.32,3.201,1.048,1.011,False
869.97,2019-10-06 22:48:57,27867.0,1161.095,-106.85136000000001,16.78574,863.0,5.0227,4.9974,33467.0,3.351317,0.0639,0.0152,99.6212,-1.952e-05,0.0,0.514,0.5225,0.0574,0.1197,4.6343,0.0,0.0084,0.0,0.5136,0.5225,34.5415,34.6204,27.3174,27.3828,3.2960000000000003,3.284,1.041,1.037,False
870.98,2019-10-06 22:48:57,27895.0,1162.261,-106.85136000000001,16.78574,864.0,5.0186,4.9932,33464.0,3.35095,0.0653,0.0149,99.6274,0.00074927,0.0,0.514,0.5227,0.0575,0.1196,4.6346,0.0,0.0118,0.0,0.5136,0.5229,34.5419,34.62,27.3182,27.383,3.298,3.301,1.041,1.042,False
871.99,2019-10-06 22:48:57,27919.0,1163.238,-106.85136000000001,16.78574,865.0,5.0163,4.9912,33463.0,3.35085,0.0849,0.015,99.6264,8.2886e-06,0.0,0.514,0.523,0.0595,0.1195,4.6346,0.0,0.0085,0.0,0.5136,0.5227,34.5418,34.6204,27.3184,27.3836,3.299,3.202,1.041,1.011,False
873.0010000000001,2019-10-06 22:48:57,27941.0,1164.184,-106.85136000000001,16.78574,866.0,5.0119,4.9868,33459.0,3.3505059999999998,0.0645,0.0147,99.6333,1e-12,0.0,0.514,0.5228,0.0575,0.1193,4.6349,0.0,0.0085,0.0,0.5136,0.5227,34.5422,34.6205,27.3192,27.3842,3.319,3.25,1.048,1.026,False
874.0110000000001,2019-10-06 22:48:57,27965.0,1165.1480000000001,-106.85136000000001,16.78574,867.0,5.0103,4.985,33458.0,3.3503910000000006,0.0639,0.0156,99.6102,1.6991e-05,0.0,0.514,0.5232,0.0574,0.1196,4.6338,0.0,0.0086,0.0,0.5137,0.5233,34.5421,34.6205,27.3194,27.3844,3.52,3.333,1.111,1.052,False
875.0210000000001,2019-10-06 22:48:57,27988.0,1166.138,-106.85136000000001,16.78574,868.0,5.0085,4.9831,33457.0,3.350264,0.0639,0.0154,99.6157,5.6837e-05,0.0,0.514,0.5232,0.0574,0.1196,4.6341,0.0,0.0088,0.0,0.5138,0.5229,34.5421,34.6205,27.3195,27.3846,3.3289999999999997,3.153,1.051,0.995,False
876.0310000000001,2019-10-06 22:48:57,28012.0,1167.116,-106.85136000000001,16.78574,869.0,5.0074,4.9821,33456.0,3.350219,0.0639,0.0156,99.6105,0.00034477,0.0,0.514,0.5234,0.0574,0.1196,4.6339,0.0,0.0101,0.0,0.5139,0.5228,34.5419,34.6205,27.3195,27.3848,3.557,3.286,1.123,1.037,False
877.041,2019-10-06 22:48:57,28034.0,1168.0539999999999,-106.85136000000001,16.78574,870.0,5.0059,4.9807,33456.0,3.350143,0.0639,0.0151,99.6233,3.2022000000000004e-06,0.0,0.514,0.5233,0.0574,0.1196,4.6344,0.0,0.0085,0.0,0.514,0.5232,34.542,34.6205,27.3198,27.385,3.4389999999999996,3.4160000000000004,1.0859999999999999,1.078,False
878.052,2019-10-06 22:48:57,28059.0,1169.0639999999999,-106.85136000000001,16.78574,871.0,5.0047,4.9798,33455.0,3.3500940000000003,0.0639,0.0147,99.6331,1e-12,0.0,0.5142,0.5234,0.0574,0.1196,4.6349,0.0,0.0085,0.0,0.514,0.5232,34.5421,34.6205,27.32,27.385,3.636,3.3310000000000004,1.148,1.051,False
879.062,2019-10-06 22:48:57,28089.0,1170.34,-106.85136000000001,16.78574,872.0,5.0032,4.9778,33455.0,3.349972,0.0639,0.0147,99.6333,0.00043777,0.0,0.5143,0.5233,0.0574,0.1195,4.6349,0.0,0.0106,0.0,0.5145,0.5233,34.5431,34.6206,27.321,27.3854,3.6,3.3169999999999997,1.136,1.047,False
880.072,2019-10-06 22:48:57,28123.0,1171.761,-106.85136000000001,16.78574,873.0,4.9988,4.9737,33452.0,3.349648,0.0639,0.0151,99.624,0.00040636,0.0,0.5145,0.5236,0.0574,0.1196,4.6345,0.0,0.0103,0.0,0.5146,0.5234,34.5433,34.6206,27.3217,27.3859,3.5610000000000004,3.415,1.124,1.078,False
881.082,2019-10-06 22:48:57,28152.0,1172.9589999999998,-106.85136000000001,16.78574,874.0,4.9948,4.9696,33448.0,3.3493459999999997,0.0639,0.0147,99.6332,0.0005141,0.0,0.5148,0.5238,0.0574,0.1197,4.6349,0.0,0.0109,0.0,0.5147,0.5235,34.5424,34.6209,27.3214,27.3865,3.627,3.3369999999999997,1.145,1.053,False
882.092,2019-10-06 22:48:57,28179.0,1174.09,-106.85136000000001,16.78574,875.0,4.9907,4.9649,33444.0,3.3489739999999997,0.0639,0.0147,99.6333,0.00049765,0.0,0.5149,0.5236,0.0574,0.1197,4.6349,0.0,0.0109,0.0,0.5148,0.5234,34.5423,34.6209,27.3218,27.3871,3.597,3.425,1.135,1.081,False
883.1030000000001,2019-10-06 22:48:57,28206.0,1175.2060000000001,-106.85136000000001,16.78574,876.0,4.9884,4.9632,33443.0,3.3488519999999995,0.0639,0.0147,99.6323,0.00012746,0.0,0.5151,0.5238,0.0574,0.1197,4.6349,0.0,0.0091,0.0,0.5148,0.5238,34.5425,34.6208,27.3222,27.3872,3.54,3.458,1.117,1.091,False
884.113,2019-10-06 22:48:57,28234.0,1176.391,-106.85136000000001,16.78574,877.0,4.9866,4.9615,33443.0,3.348751,0.0639,0.0153,99.6168,0.0001048,0.0,0.5152,0.5239,0.0574,0.1198,4.6341,0.0,0.009,0.0,0.5148,0.5237,34.5434,34.6208,27.3232,27.3874,3.5410000000000004,3.464,1.117,1.093,False
885.123,2019-10-06 22:48:57,28262.0,1177.55,-106.85136000000001,16.78574,878.0,4.9849,4.9592,33442.0,3.3485989999999997,0.0586,0.0147,99.6337,-2.664e-06,0.0,0.5153,0.5237,0.0569,0.1199,4.6349,0.0,0.0085,0.0,0.5148,0.5238,34.5434,34.6209,27.3234,27.3878,3.542,3.41,1.117,1.0759999999999998,False
886.133,2019-10-06 22:48:57,28286.0,1178.546,-106.85136000000001,16.78574,879.0,4.9815,4.9562,33439.0,3.348382,0.0549,0.0147,99.6333,0.00020756,0.0,0.5153,0.5242,0.0565,0.1197,4.6349,0.0,0.0095,0.0,0.5148,0.5239,34.5435,34.621,27.3239,27.3883,3.543,3.641,1.1179999999999999,1.148,False
887.1439999999999,2019-10-06 22:48:57,28307.0,1179.403,-106.85136000000001,16.78574,880.0,4.9779,4.9526,33436.0,3.348122,0.0635,0.0147,99.6333,-6.594e-06,0.0,0.5153,0.524,0.0574,0.1195,4.6349,0.0,0.0085,0.0,0.5148,0.5242,34.5427,34.6213,27.3237,27.3889,3.5439999999999996,3.548,1.1179999999999999,1.119,False
888.154,2019-10-06 22:48:57,28326.0,1180.197,-106.85136000000001,16.78574,881.0,4.9682,4.9422,33427.0,3.3473919999999997,0.0553,0.0147,99.6333,1e-12,0.0,0.5153,0.5242,0.0565,0.1196,4.6349,0.0,0.0085,0.0,0.5148,0.5241,34.5429,34.6231,27.3249,27.3915,3.654,3.428,1.1520000000000001,1.081,False
889.164,2019-10-06 22:48:57,28346.0,1181.025,-106.85136000000001,16.78574,882.0,4.9523,4.9266,33414.0,3.346018,0.062,0.0148,99.6308,1e-12,0.0,0.5153,0.5243,0.0572,0.1196,4.6348,0.0,0.0085,0.0,0.515,0.5241,34.5436,34.6228,27.3273,27.3931,4.2010000000000005,3.5660000000000003,1.324,1.124,False
890.174,2019-10-06 22:48:57,28369.0,1181.987,-106.85136000000001,16.78574,883.0,4.9434,4.918,33407.0,3.3452610000000003,0.0639,0.0147,99.6333,1e-12,0.0,0.5153,0.5242,0.0574,0.1196,4.6349,0.0,0.0085,0.0,0.5159,0.5244,34.5438,34.6225,27.3285,27.3938,4.238,3.7510000000000003,1.3359999999999999,1.182,False
891.185,2019-10-06 22:48:57,28398.0,1183.201,-106.85136000000001,16.78574,884.0,4.9398,4.9148,33404.0,3.344964,0.0639,0.0147,99.6333,1e-12,0.0,0.5153,0.5246,0.0574,0.1197,4.6349,0.0,0.0085,0.0,0.5161,0.5246,34.5438,34.6219,27.3289,27.3937,3.8989999999999996,3.696,1.229,1.165,False
892.195,2019-10-06 22:48:57,28430.0,1184.5510000000002,-106.85136000000001,16.78574,885.0,4.9372,4.9119,33402.0,3.344753,0.0799,0.0148,99.6317,0.00022859,0.0,0.5156,0.5245,0.059,0.1196,4.6348,0.0,0.0096,0.0,0.5161,0.5247,34.5438,34.6219,27.3292,27.394,3.804,3.645,1.199,1.149,False
893.205,2019-10-06 22:48:57,28462.0,1185.875,-106.85136000000001,16.78574,886.0,4.9333,4.9081,33399.0,3.3444599999999998,0.0641,0.0147,99.6333,3.4984e-06,0.0,0.5163,0.5248,0.0574,0.1196,4.6349,0.0,0.0085,0.0,0.5161,0.5248,34.5439,34.622,27.3297,27.3945,3.806,3.8110000000000004,1.199,1.2009999999999998,False
894.216,2019-10-06 22:48:57,28493.0,1187.151,-106.85136000000001,16.78574,887.0,4.9322,4.9073,33399.0,3.34441,0.0639,0.0149,99.627,1e-12,0.0,0.5165,0.5251,0.0574,0.1197,4.6346,0.0,0.0085,0.0,0.5161,0.5254,34.5438,34.6218,27.3298,27.3945,3.8360000000000003,3.792,1.209,1.195,False
895.2260000000001,2019-10-06 22:48:57,28522.0,1188.391,-106.85136000000001,16.78574,888.0,4.932,4.907,33399.0,3.3444279999999997,0.0639,0.0155,99.6114,2.0259e-05,0.0,0.5165,0.5252,0.0574,0.1197,4.6339,0.0,0.0086,0.0,0.5162,0.5253,34.5437,34.6218,27.3297,27.3945,3.8339999999999996,3.827,1.208,1.206,False
896.2360000000001,2019-10-06 22:48:57,28553.0,1189.65,-106.85136000000001,16.78574,889.0,4.932,4.9068,33399.0,3.344461,0.0639,0.0149,99.6273,0.00010198,0.0,0.5165,0.5253,0.0574,0.1196,4.6346,0.0,0.009,0.0,0.5161,0.5254,34.5437,34.6218,27.3297,27.3946,3.761,3.815,1.185,1.202,False
897.247,2019-10-06 22:48:57,28578.0,1190.7269999999999,-106.85136000000001,16.78574,890.0,4.9316,4.9064,33400.0,3.3444769999999995,0.0639,0.0156,99.6097,0.00032338,0.0,0.5165,0.5258,0.0574,0.1195,4.6338,0.0,0.01,0.0,0.5161,0.5258,34.5447,34.622,27.3306,27.3948,4.0,3.9339999999999997,1.26,1.24,False
898.257,2019-10-06 22:48:57,28600.0,1191.606,-106.85136000000001,16.78574,891.0,4.9298,4.9043,33399.0,3.3443680000000002,0.0639,0.0151,99.6215,-5.948e-07,0.0,0.5166,0.5256,0.0574,0.1195,4.6344,0.0,0.0085,0.0,0.5165,0.5255,34.5447,34.6223,27.3308,27.3953,4.045,3.813,1.275,1.2009999999999998,False
899.2669999999999,2019-10-06 22:48:57,28618.0,1192.392,-106.85136000000001,16.78574,892.0,4.9269,4.9017,33397.0,3.3441870000000002,0.0639,0.0148,99.632,0.0003311,0.0,0.5166,0.5258,0.0574,0.1197,4.6348,0.0,0.0101,0.0,0.5165,0.5259,34.545,34.6224,27.3314,27.3957,4.039,3.946,1.273,1.2429999999999999,False
900.2769999999999,2019-10-06 22:48:57,28636.0,1193.141,-106.85136000000001,16.78574,893.0,4.9248,4.8995,33396.0,3.344025,0.0639,0.0149,99.6277,0.00045592,0.0,0.5165,0.5258,0.0574,0.1196,4.6346,0.0,0.0106,0.0,0.5167,0.5257,34.545,34.6224,27.3317,27.3959,4.093999999999999,3.7960000000000003,1.29,1.196,False
901.288,2019-10-06 22:48:57,28655.0,1193.906,-106.85136000000001,16.78574,894.0,4.9211,4.8957,33392.0,3.3437690000000004,0.0639,0.0157,99.6073,0.00087545,0.0,0.5165,0.526,0.0574,0.1197,4.6337,0.0,0.0125,0.0,0.5167,0.5259,34.5442,34.6228,27.3314,27.3967,4.162,3.8539999999999996,1.311,1.214,False
902.298,2019-10-06 22:48:57,28676.0,1194.771,-106.85136000000001,16.78574,895.0,4.9132,4.8879,33386.0,3.3431550000000003,0.0639,0.0156,99.6101,0.00086967,0.0,0.5167,0.526,0.0574,0.1196,4.6338,0.0,0.0125,0.0,0.5171,0.5257,34.5442,34.6233,27.3324,27.398,4.3389999999999995,3.864,1.367,1.217,False
903.308,2019-10-06 22:48:57,28703.0,1195.9360000000001,-106.85136000000001,16.78574,896.0,4.9062,4.881,33380.0,3.342537,0.0639,0.0151,99.6223,0.00019056,0.0,0.5169,0.5262,0.0574,0.1197,4.6344,0.0,0.0094,0.0,0.5173,0.5259,34.5443,34.6228,27.3332,27.3983,4.117,3.95,1.296,1.244,False
904.319,2019-10-06 22:48:57,28741.0,1197.489,-106.85136000000001,16.78574,897.0,4.9037,4.8785,33378.0,3.3423410000000002,0.0639,0.0156,99.6109,0.00077063,0.0,0.5172,0.5262,0.0574,0.1197,4.6339,0.0,0.012,0.0,0.5173,0.5263,34.5444,34.6226,27.3335,27.3985,4.047,4.061,1.274,1.278,False
905.329,2019-10-06 22:48:57,28772.0,1198.776,-106.85136000000001,16.78574,898.0,4.8993,4.874,33375.0,3.342025,0.0639,0.0152,99.6214,-1.88e-05,0.0,0.5176,0.5262,0.0574,0.12,4.6344,0.0,0.0084,0.0,0.5173,0.5263,34.5444,34.6231,27.3341,27.3994,4.063,4.073,1.2790000000000001,1.2819999999999998,False
906.3389999999999,2019-10-06 22:48:57,28797.0,1199.827,-106.85136000000001,16.78574,899.0,4.8936,4.8684,33370.0,3.341583,0.0639,0.0156,99.6092,4.3478e-05,0.0,0.5177,0.5263,0.0574,0.12,4.6338,0.0,0.0088,0.0,0.5173,0.5265,34.5447,34.6233,27.335,27.4002,4.105,4.11,1.2919999999999998,1.294,False
907.35,2019-10-06 22:48:57,28821.0,1200.8210000000001,-106.85136000000001,16.78574,900.0,4.8826,4.8571,33361.0,3.34071,0.0639,0.0161,99.598,5.3811e-07,0.0,0.5177,0.5266,0.0574,0.1196,4.6333,0.0,0.0085,0.0,0.5174,0.5268,34.545,34.6244,27.3365,27.4023,4.428,4.378,1.3940000000000001,1.3780000000000001,False
908.36,2019-10-06 22:48:57,28847.0,1201.9360000000001,-106.85136000000001,16.78574,901.0,4.873,4.8478,33353.0,3.3398589999999997,0.0639,0.0158,99.6059,1e-12,0.0,0.5177,0.5268,0.0574,0.1196,4.6336,0.0,0.0085,0.0,0.5181,0.5272,34.5452,34.6237,27.3377,27.4028,4.615,4.138999999999999,1.452,1.3019999999999998,False
909.3710000000001,2019-10-06 22:48:57,28885.0,1203.507,-106.85136000000001,16.78574,902.0,4.8668,4.8415,33348.0,3.339325,0.0639,0.0156,99.6089,4.6807e-05,0.0,0.5177,0.5269,0.0574,0.1196,4.6338,0.0,0.0087,0.0,0.5184,0.5273,34.5453,34.6236,27.3385,27.4035,4.415,4.263999999999999,1.389,1.341,False
910.3810000000001,2019-10-06 22:48:57,28922.0,1205.026,-106.85136000000001,16.78574,903.0,4.8603,4.8348,33343.0,3.338778,0.0639,0.0157,99.6069,8.418e-05,0.0,0.5183,0.5277,0.0574,0.1198,4.6337,0.0,0.0089,0.0,0.5185,0.5276,34.5455,34.6236,27.3394,27.4042,4.291,4.493,1.35,1.413,False
911.3910000000001,2019-10-06 22:48:57,28946.0,1206.0230000000001,-106.85136000000001,16.78574,904.0,4.8573,4.832,33341.0,3.338593,0.0682,0.0157,99.607,0.00026132,0.0,0.5185,0.5273,0.0578,0.1201,4.6337,0.0,0.0097,0.0,0.5185,0.5279,34.5454,34.6239,27.3397,27.4048,4.341,4.197,1.365,1.32,False
912.4019999999999,2019-10-06 22:48:57,28965.0,1206.813,-106.85136000000001,16.78574,905.0,4.8508,4.8255,33335.0,3.338086,0.0876,0.0162,99.5954,0.00011598,0.0,0.5189,0.5276,0.0597,0.1197,4.6332,0.0,0.009,0.0,0.5185,0.5277,34.5458,34.6243,27.3407,27.4059,4.556,4.338,1.433,1.364,False
913.4119999999999,2019-10-06 22:48:57,28981.0,1207.507,-106.85136000000001,16.78574,906.0,4.8468,4.8218,33332.0,3.337765,0.0678,0.0166,99.5859,0.00010996,0.0,0.5189,0.5278,0.0578,0.1197,4.6327,0.0,0.0091,0.0,0.5189,0.528,34.5459,34.6239,27.3413,27.406,4.649,4.501,1.462,1.415,False
914.422,2019-10-06 22:48:57,28997.0,1208.171,-106.85136000000001,16.78574,907.0,4.8465,4.8214,33332.0,3.3377559999999997,0.0617,0.015,99.6258,-7.676000000000001e-07,0.0,0.5189,0.5278,0.0572,0.1196,4.6346,0.0,0.0085,0.0,0.519,0.5282,34.5457,34.6237,27.3412,27.4059,4.628,4.474,1.455,1.4069999999999998,False
915.433,2019-10-06 22:48:57,29014.0,1208.86,-106.85136000000001,16.78574,908.0,4.8457,4.8207,33332.0,3.3377410000000003,0.0547,0.0157,99.6074,0.0001918,0.0,0.5189,0.5284,0.0565,0.1196,4.6337,0.0,0.0094,0.0,0.5192,0.5282,34.5456,34.6237,27.3412,27.4059,4.944,4.397,1.554,1.382,False
916.443,2019-10-06 22:48:57,29031.0,1209.6,-106.85136000000001,16.78574,909.0,4.8419,4.8164,33329.0,3.3374550000000003,0.0611,0.0157,99.607,1.1839e-06,0.0,0.5189,0.5282,0.0571,0.1196,4.6337,0.0,0.0085,0.0,0.5197,0.5283,34.5456,34.6244,27.3416,27.407,4.949,4.455,1.556,1.401,False
917.454,2019-10-06 22:48:57,29052.0,1210.476,-106.85136000000001,16.78574,910.0,4.8397,4.8146,33327.0,3.337277,0.0638,0.0153,99.6162,0.00020364,0.0,0.5191,0.5282,0.0574,0.1196,4.6341,0.0,0.0095,0.0,0.5198,0.5284,34.5454,34.6237,27.3417,27.4067,4.614,4.575,1.4509999999999998,1.4380000000000002,False
918.4639999999999,2019-10-06 22:48:57,29084.0,1211.78,-106.85136000000001,16.78574,911.0,4.8393,4.8143,33328.0,3.337285,0.0639,0.0153,99.6187,0.0003206,0.0,0.5194,0.5285,0.0574,0.1196,4.6342,0.0,0.0099,0.0,0.5197,0.5287,34.5455,34.6236,27.3418,27.4066,4.519,4.51,1.421,1.4180000000000001,False
919.4739999999999,2019-10-06 22:48:57,29143.0,1214.252,-106.85136000000001,16.78574,912.0,4.8383,4.8133,33327.0,3.337248,0.0639,0.0155,99.6127,0.00081245,0.0,0.5202,0.5289,0.0574,0.1197,4.634,0.0,0.0122,0.0,0.5198,0.529,34.5458,34.6237,27.3422,27.4068,4.591,4.592,1.443,1.444,False
920.485,2019-10-06 22:48:57,29182.0,1215.89,-106.85136000000001,16.78574,913.0,4.8284,4.803,33319.0,3.3364849999999997,0.0639,0.0156,99.6106,0.00077649,0.0,0.52,0.529,0.0574,0.1197,4.6339,0.0,0.0119,0.0,0.5198,0.529,34.5457,34.625,27.3432,27.409,4.574,4.572,1.4380000000000002,1.4369999999999998,False
921.495,2019-10-06 22:48:57,29206.0,1216.866,-106.85136000000001,16.78574,914.0,4.8179,4.7926,33310.0,3.335578,0.0639,0.0152,99.619,4.8275e-05,0.0,0.5201,0.5293,0.0574,0.1196,4.6342,0.0,0.0087,0.0,0.5199,0.5292,34.5459,34.6248,27.3446,27.41,4.8180000000000005,4.8260000000000005,1.514,1.516,False
922.5060000000001,2019-10-06 22:48:57,29226.0,1217.694,-106.85136000000001,16.78574,915.0,4.8134,4.7882,33307.0,3.335207,0.0639,0.0154,99.6154,0.002196,0.0,0.5201,0.5296,0.0574,0.1196,4.6341,0.0,0.0179,0.0,0.5202,0.5296,34.546,34.6245,27.3451,27.4103,5.124,4.763999999999999,1.61,1.4969999999999999,False
923.5160000000001,2019-10-06 22:48:57,29244.0,1218.468,-106.85136000000001,16.78574,916.0,4.8062,4.7806,33301.0,3.3346519999999997,0.0639,0.0156,99.6086,0.0011397,0.0,0.5201,0.5292,0.0574,0.1197,4.6338,0.0,0.0136,0.0,0.5205,0.5295,34.5462,34.6255,27.3461,27.4119,5.178999999999999,4.751,1.6269999999999998,1.493,False
924.5260000000001,2019-10-06 22:48:57,29263.0,1219.254,-106.85136000000001,16.78574,917.0,4.7988,4.7734,33295.0,3.334053,0.0639,0.0155,99.6122,0.00014767,0.0,0.5201,0.5293,0.0574,0.1201,4.6339,0.0,0.0093,0.0,0.521,0.5298,34.5467,34.6254,27.3474,27.4127,5.073,4.7589999999999995,1.5930000000000002,1.495,False
925.5369999999999,2019-10-06 22:48:57,29284.0,1220.112,-106.85136000000001,16.78574,918.0,4.788,4.7625,33286.0,3.333131,0.0639,0.0156,99.6095,0.0027206,0.0,0.5201,0.5296,0.0574,0.1199,4.6338,0.0,0.0203,0.0,0.521,0.5298,34.5471,34.6256,27.3489,27.4141,4.813,4.925,1.511,1.546,False
926.547,2019-10-06 22:48:57,29307.0,1221.089,-106.85136000000001,16.78574,919.0,4.786,4.7607,33284.0,3.3329419999999996,0.0639,0.0157,99.608,0.00041691,0.0,0.5205,0.5298,0.0574,0.1196,4.6337,0.0,0.0104,0.0,0.521,0.5304,34.5466,34.6247,27.3488,27.4136,4.821000000000001,5.079,1.514,1.595,False
927.558,2019-10-06 22:48:57,29333.0,1222.167,-106.85136000000001,16.78574,920.0,4.7852,4.7603,33284.0,3.3329400000000002,0.0639,0.0156,99.609,0.00266,0.0,0.521,0.5299,0.0574,0.1197,4.6338,0.0,0.0202,0.0,0.521,0.5307,34.5466,34.6247,27.3489,27.4136,4.954,5.0089999999999995,1.555,1.5730000000000002,False
928.568,2019-10-06 22:48:57,29359.0,1223.237,-106.85136000000001,16.78574,921.0,4.7822,4.7571,33282.0,3.3327400000000003,0.0639,0.0156,99.6092,0.0018965,0.0,0.5214,0.5301,0.0574,0.1196,4.6338,0.0,0.017,0.0,0.5214,0.5307,34.5468,34.6252,27.3493,27.4144,5.2989999999999995,4.913,1.6640000000000001,1.5419999999999998,False
929.579,2019-10-06 22:48:57,29383.0,1224.23,-106.85136000000001,16.78574,922.0,4.7791,4.7542,33280.0,3.3325120000000004,0.0639,0.0149,99.6285,0.00049933,0.0,0.5214,0.5304,0.0574,0.1197,4.6347,0.0,0.0107,0.0,0.5217,0.5307,34.5468,34.625,27.3497,27.4145,5.252000000000001,4.956,1.649,1.556,False
930.5889999999999,2019-10-06 22:48:57,29405.0,1225.182,-106.85136000000001,16.78574,923.0,4.7774,4.7522,33279.0,3.332386,0.0639,0.0157,99.6071,3.0837000000000002e-06,0.0,0.5214,0.5308,0.0574,0.1196,4.6337,0.0,0.0085,0.0,0.5221,0.531,34.5468,34.6251,27.3499,27.4148,5.313,5.069,1.6680000000000001,1.591,False
931.6,2019-10-06 22:48:57,29430.0,1226.226,-106.85136000000001,16.78574,924.0,4.7745,4.7493,33277.0,3.332184,0.0639,0.0157,99.608,1e-12,0.0,0.5215,0.531,0.0574,0.1196,4.6337,0.0,0.0085,0.0,0.5222,0.5312,34.5469,34.6253,27.3503,27.4154,5.149,5.162000000000001,1.6159999999999999,1.62,False
932.61,2019-10-06 22:48:57,29462.0,1227.5330000000001,-106.85136000000001,16.78574,925.0,4.7612,4.7357,33266.0,3.331119,0.0639,0.0154,99.6142,1e-12,0.0,0.5221,0.5311,0.0574,0.1197,4.634,0.0,0.0085,0.0,0.5223,0.5315,34.5475,34.6265,27.3523,27.4178,5.406000000000001,5.257999999999999,1.696,1.65,False
933.6210000000001,2019-10-06 22:48:57,29500.0,1229.119,-106.85136000000001,16.78574,926.0,4.7403,4.715,33248.0,3.329318,0.0657,0.0157,99.6067,4.1715e-05,0.0,0.5226,0.5314,0.0576,0.1197,4.6337,0.0,0.0087,0.0,0.5234,0.532,34.5481,34.6266,27.355,27.4202,5.761,5.39,1.807,1.6909999999999998,False
934.6310000000001,2019-10-06 22:48:57,29532.0,1230.472,-106.85136000000001,16.78574,927.0,4.734,4.7089,33243.0,3.3287720000000003,0.0792,0.0157,99.607,6.330600000000001e-05,0.0,0.5227,0.5316,0.0589,0.1197,4.6337,0.0,0.0088,0.0,0.5236,0.5324,34.5481,34.6261,27.3558,27.4205,5.374,5.386,1.685,1.689,False
935.6419999999999,2019-10-06 22:48:57,29557.0,1231.501,-106.85136000000001,16.78574,928.0,4.7307,4.7055,33240.0,3.328523,0.0676,0.0157,99.607,0.00022285,0.0,0.5228,0.5321,0.0578,0.1198,4.6337,0.0,0.0095,0.0,0.5236,0.5327,34.548,34.6262,27.356,27.4209,5.577000000000001,5.4510000000000005,1.749,1.709,False
936.6519999999999,2019-10-06 22:48:57,29578.0,1232.371,-106.85136000000001,16.78574,929.0,4.7284,4.7034,33238.0,3.328357,0.0853,0.0166,99.5859,1.0805e-06,0.0,0.5236,0.5323,0.0595,0.12,4.6327,0.0,0.0085,0.0,0.524,0.5327,34.5479,34.626,27.3563,27.4211,5.901,5.563,1.85,1.744,False
937.663,2019-10-06 22:48:57,29597.0,1233.18,-106.85136000000001,16.78574,930.0,4.7255,4.7003,33236.0,3.328154,0.0641,0.016,99.601,0.00070056,0.0,0.5238,0.5326,0.0574,0.1197,4.6334,0.0,0.0116,0.0,0.5244,0.5333,34.5479,34.6263,27.3566,27.4216,5.79,5.726,1.815,1.795,False
938.673,2019-10-06 22:48:57,29616.0,1233.972,-106.85136000000001,16.78574,931.0,4.7237,4.6987,33235.0,3.3280199999999995,0.0639,0.0158,99.6056,6.827000000000001e-06,0.0,0.5238,0.5328,0.0574,0.12,4.6336,0.0,0.0085,0.0,0.5246,0.5334,34.5479,34.6259,27.3568,27.4215,5.76,5.556,1.806,1.742,False
939.684,2019-10-06 22:48:57,29637.0,1234.815,-106.85136000000001,16.78574,932.0,4.7222,4.697,33234.0,3.3279449999999997,0.0639,0.0158,99.6058,0.0013355,0.0,0.5239,0.5329,0.0574,0.1204,4.6336,0.0,0.0145,0.0,0.5247,0.5335,34.548,34.6263,27.357,27.422,5.685,5.631,1.7819999999999998,1.765,False
940.694,2019-10-06 22:48:57,29660.0,1235.787,-106.85136000000001,16.78574,933.0,4.7154,4.6902,33229.0,3.327425,0.0639,0.0157,99.6069,0.0015829000000000001,0.0,0.5243,0.5331,0.0574,0.1201,4.6337,0.0,0.0155,0.0,0.5247,0.5337,34.5482,34.6269,27.358,27.4232,5.718999999999999,5.715,1.7930000000000001,1.791,False
941.705,2019-10-06 22:48:57,29692.0,1237.109,-106.85136000000001,16.78574,934.0,4.706,4.6809,33221.0,3.326661,0.0739,0.0161,99.5983,0.00076902,0.0,0.5248,0.5336,0.0584,0.1197,4.6333,0.0,0.012,0.0,0.5253,0.5342,34.5484,34.6271,27.3592,27.4245,6.157,5.811,1.93,1.821,False
942.715,2019-10-06 22:48:57,29731.0,1238.77,-106.85136000000001,16.78574,935.0,4.6847,4.6598,33203.0,3.324861,0.0659,0.0158,99.6044,0.0019107,0.0,0.525,0.5338,0.0576,0.1201,4.6336,0.0,0.0169,0.0,0.5259,0.5345,34.5492,34.6275,27.3622,27.4272,5.947,5.92,1.8630000000000002,1.854,False
943.7260000000001,2019-10-06 22:48:57,29762.0,1240.0430000000001,-106.85136000000001,16.78575,936.0,4.681,4.6558,33200.0,3.3244910000000005,0.0639,0.0159,99.6032,0.00061893,0.0,0.5253,0.5343,0.0574,0.1197,4.6335,0.0,0.0113,0.0,0.526,0.5352,34.5489,34.6269,27.3624,27.4271,6.372000000000001,6.0760000000000005,1.996,1.903,False
944.7360000000001,2019-10-06 22:48:57,29785.0,1241.007,-106.85136000000001,16.78576,937.0,4.6776,4.6525,33197.0,3.3242580000000004,0.0639,0.0158,99.6057,0.0010517,0.0,0.5258,0.5346,0.0574,0.1199,4.6336,0.0,0.0133,0.0,0.5269,0.5354,34.5489,34.6271,27.3628,27.4276,6.724,6.037999999999999,2.106,1.891,False
945.747,2019-10-06 22:48:57,29805.0,1241.845,-106.85136000000001,16.78576,938.0,4.6688,4.6433,33190.0,3.323582,0.0639,0.0166,99.5846,0.0014536,0.0,0.5262,0.5347,0.0574,0.1196,4.6327,0.0,0.0151,0.0,0.5272,0.5354,34.5492,34.6283,27.364,27.4296,6.228,6.14,1.95,1.922,False
946.757,2019-10-06 22:48:57,29824.0,1242.634,-106.85136000000001,16.78576,939.0,4.6621,4.637,33185.0,3.322986,0.0639,0.0157,99.6059,0.0005854,0.0,0.5263,0.5349,0.0574,0.1201,4.6336,0.0,0.0113,0.0,0.5273,0.5359,34.5494,34.6275,27.3649,27.4297,6.252999999999999,6.303999999999999,1.9580000000000002,1.973,False
947.768,2019-10-06 22:48:57,29843.0,1243.435,-106.85136000000001,16.78576,940.0,4.6573,4.6319,33181.0,3.3226139999999997,0.0639,0.0168,99.5809,0.00031408,0.0,0.5263,0.5353,0.0574,0.1203,4.6325,0.0,0.01,0.0,0.5274,0.5362,34.5495,34.6279,27.3655,27.4306,6.502999999999999,6.307,2.036,1.974,False
948.778,2019-10-06 22:48:57,29865.0,1244.327,-106.85136000000001,16.78576,941.0,4.6538,4.6288,33178.0,3.3223339999999997,0.0639,0.0168,99.5808,0.0040667,0.0,0.5271,0.5357,0.0574,0.12,4.6325,0.0,0.0262,0.0,0.528,0.5364,34.5495,34.6274,27.3659,27.4305,6.795,6.212999999999999,2.127,1.945,False
949.789,2019-10-06 22:48:57,29892.0,1245.4669999999999,-106.85136000000001,16.78574,942.0,4.651,4.6254,33176.0,3.3220980000000004,0.0639,0.0164,99.5906,0.0011263,0.0,0.5275,0.5358,0.0574,0.1197,4.633,0.0,0.0136,0.0,0.5284,0.5367,34.5494,34.6277,27.3661,27.4311,6.461,6.372999999999999,2.022,1.995,False
950.8,2019-10-06 22:48:57,29929.0,1247.009,-106.85136000000001,16.78574,943.0,4.6427,4.6169,33170.0,3.321397,0.0655,0.016,99.6006,0.0044686000000000005,0.0,0.5278,0.5366,0.0576,0.12,4.6334,0.0,0.0276,0.0,0.5285,0.5371,34.5497,34.6278,27.3673,27.4322,6.52,6.494,2.04,2.032,False
951.81,2019-10-06 22:48:57,29963.0,1248.42,-106.85136000000001,16.78574,944.0,4.6389,4.6136,33167.0,3.32115,0.0825,0.016,99.6004,0.00060968,0.0,0.5287,0.5368,0.0592,0.1197,4.6334,0.0,0.0114,0.0,0.5292,0.5379,34.5496,34.6279,27.3676,27.4326,7.047000000000001,6.776,2.205,2.12,False
952.821,2019-10-06 22:48:57,29989.0,1249.504,-106.85136000000001,16.78574,945.0,4.6354,4.6107,33164.0,3.320932,0.0627,0.0158,99.6049,0.00018823,0.0,0.5287,0.5372,0.0573,0.1203,4.6336,0.0,0.0094,0.0,0.5295,0.5381,34.5499,34.6279,27.3683,27.4329,6.699,6.513999999999999,2.096,2.0380000000000003,False
953.831,2019-10-06 22:48:57,30011.0,1250.423,-106.85136000000001,16.78574,946.0,4.6333,4.6081,33163.0,3.32079,0.0639,0.0166,99.5856,0.0014165,0.0,0.5288,0.5373,0.0574,0.1196,4.6327,0.0,0.0147,0.0,0.5296,0.5383,34.5502,34.6284,27.3687,27.4336,6.636,6.678,2.076,2.089,False
954.842,2019-10-06 22:48:57,30032.0,1251.305,-106.85136000000001,16.78574,947.0,4.6261,4.6014,33157.0,3.320335,0.0831,0.0157,99.6068,0.0005795,0.0,0.529,0.5377,0.0593,0.1203,4.6337,0.0,0.0112,0.0,0.5297,0.5386,34.5505,34.6295,27.3698,27.4352,7.1610000000000005,6.986000000000001,2.24,2.185,False
955.852,2019-10-06 22:48:57,30053.0,1252.163,-106.85136000000001,16.78576,948.0,4.6174,4.5923,33150.0,3.319556,0.068,0.0158,99.6045,0.00044546,0.0,0.5296,0.5384,0.0578,0.1201,4.6336,0.0,0.0106,0.0,0.5305,0.5393,34.5509,34.6294,27.371,27.4362,7.388,6.975,2.311,2.181,False
956.863,2019-10-06 22:48:57,30074.0,1253.0439999999999,-106.85136000000001,16.78576,949.0,4.6134,4.5884,33147.0,3.3192410000000003,0.0639,0.0158,99.6058,0.00013104,0.0,0.5298,0.5384,0.0574,0.1198,4.6336,0.0,0.0091,0.0,0.5308,0.5392,34.5511,34.6294,27.3717,27.4366,6.961,6.807,2.177,2.129,False
957.8739999999999,2019-10-06 22:48:57,30097.0,1254.006,-106.85136000000001,16.78576,950.0,4.6056,4.5804,33141.0,3.318622,0.0639,0.0163,99.5921,0.00022145,0.0,0.5299,0.5386,0.0574,0.1197,4.633,0.0,0.0095,0.0,0.5308,0.5397,34.551,34.6299,27.3725,27.4379,7.056,7.115,2.206,2.224,False
958.8839999999999,2019-10-06 22:48:57,30130.0,1255.372,-106.85136000000001,16.78576,951.0,4.5956,4.5709,33132.0,3.3177839999999996,0.0639,0.0164,99.5908,0.00061323,0.0,0.5305,0.5392,0.0574,0.1197,4.633,0.0,0.0112,0.0,0.5316,0.5402,34.5513,34.6296,27.3738,27.4387,7.6339999999999995,7.191,2.386,2.248,False
959.895,2019-10-06 22:48:57,30172.0,1257.144,-106.85136000000001,16.78574,952.0,4.5736,4.5484,33114.0,3.3159680000000002,0.0639,0.0158,99.6055,0.00011381,0.0,0.5312,0.5397,0.0574,0.1197,4.6336,0.0,0.0091,0.0,0.5329,0.5408,34.5521,34.6312,27.3768,27.4424,7.912999999999999,7.3,2.472,2.281,False
960.905,2019-10-06 22:48:57,30204.0,1258.448,-106.85136000000001,16.78574,953.0,4.5671,4.5422,33108.0,3.315322,0.0639,0.0158,99.605,0.00078297,0.0,0.5315,0.5403,0.0574,0.1197,4.6336,0.0,0.0121,0.0,0.5333,0.5415,34.5519,34.6298,27.3774,27.4419,7.353,7.617999999999999,2.2969999999999997,2.38,False
961.916,2019-10-06 22:48:57,30226.0,1259.39,-106.85136000000001,16.78574,954.0,4.5662,4.5413,33108.0,3.315293,0.0639,0.0167,99.583,0.00098055,0.0,0.5324,0.5408,0.0574,0.12,4.6326,0.0,0.013,0.0,0.5334,0.542,34.552,34.6298,27.3776,27.4421,7.502000000000001,7.567,2.343,2.364,False
962.927,2019-10-06 22:48:57,30245.0,1260.184,-106.85136000000001,16.78574,955.0,4.5654,4.5405,33108.0,3.315261,0.0639,0.0168,99.5808,0.0018137000000000001,0.0,0.5327,0.5409,0.0574,0.1201,4.6325,0.0,0.0164,0.0,0.5336,0.5423,34.552,34.6298,27.3776,27.4422,7.994,7.601,2.497,2.374,False
963.937,2019-10-06 22:48:57,30263.0,1260.92,-106.85136000000001,16.78574,956.0,4.564,4.5389,33107.0,3.3151669999999998,0.0639,0.0167,99.5823,0.0012615,0.0,0.5335,0.5412,0.0574,0.1197,4.6326,0.0,0.0141,0.0,0.5342,0.5425,34.5519,34.6298,27.3777,27.4424,8.094,7.631,2.528,2.383,False
964.948,2019-10-06 22:48:57,30281.0,1261.652,-106.85136000000001,16.78574,957.0,4.5593,4.5339,33103.0,3.3148199999999997,0.0639,0.0162,99.594,0.00016781,0.0,0.5336,0.5416,0.0574,0.1201,4.6331,0.0,0.0094,0.0,0.5344,0.5428,34.5519,34.6305,27.3783,27.4435,7.686,7.683,2.4,2.399,False
965.9580000000001,2019-10-06 22:48:57,30300.0,1262.444,-106.85136000000001,16.78574,958.0,4.5552,4.5302,33100.0,3.314508,0.0639,0.0162,99.5945,0.00088985,0.0,0.5336,0.5421,0.0574,0.1199,4.6331,0.0,0.0126,0.0,0.5344,0.5429,34.552,34.6301,27.3788,27.4436,7.627999999999999,7.711,2.3819999999999997,2.408,False
966.9689999999999,2019-10-06 22:48:57,30324.0,1263.474,-106.85136000000001,16.78575,959.0,4.554,4.5287,33099.0,3.314404,0.0639,0.0162,99.5959,0.0013199000000000002,0.0,0.5338,0.5424,0.0574,0.1197,4.6332,0.0,0.0143,0.0,0.5345,0.5432,34.552,34.63,27.379,27.4436,7.6339999999999995,7.7620000000000005,2.384,2.424,False
967.98,2019-10-06 22:48:57,30363.0,1265.0710000000001,-106.85136000000001,16.78576,960.0,4.5527,4.5279,33099.0,3.3143569999999998,0.075,0.0168,99.582,0.00097187,0.0,0.5347,0.5429,0.0585,0.1198,4.6326,0.0,0.0128,0.0,0.5347,0.5437,34.5518,34.6298,27.379,27.4436,7.895,7.819,2.465,2.4419999999999997,False
968.9910000000001,2019-10-06 22:48:57,30398.0,1266.529,-106.85136000000001,16.78576,961.0,4.5516,4.5272,33098.0,3.314365,0.0637,0.0168,99.5808,0.0012744000000000002,0.0,0.5348,0.5434,0.0574,0.1202,4.6325,0.0,0.0143,0.0,0.5354,0.5439,34.5518,34.6301,27.379,27.4439,8.294,7.7,2.59,2.404,False
970.0010000000001,2019-10-06 22:48:57,30422.0,1267.559,-106.85136000000001,16.78576,962.0,4.55,4.5245,33097.0,3.3141849999999997,0.0639,0.0168,99.5808,0.0036912,0.0,0.5348,0.5437,0.0574,0.1197,4.6325,0.0,0.0247,0.0,0.5358,0.5439,34.5519,34.6303,27.3794,27.4443,7.902,7.843999999999999,2.467,2.449,False
971.012,2019-10-06 22:48:57,30443.0,1268.425,-106.85136000000001,16.78576,963.0,4.548,4.523,33096.0,3.314093,0.0639,0.0166,99.5849,0.0010919,0.0,0.535,0.5438,0.0574,0.1197,4.6327,0.0,0.0134,0.0,0.5357,0.5441,34.5522,34.6303,27.3798,27.4446,7.862,7.805,2.455,2.437,False
972.023,2019-10-06 22:48:57,30464.0,1269.279,-106.85136000000001,16.78576,964.0,4.5442,4.5192,33093.0,3.3138330000000003,0.0639,0.0168,99.5808,0.00078513,0.0,0.5353,0.5442,0.0574,0.1199,4.6325,0.0,0.0121,0.0,0.5358,0.5442,34.5521,34.6307,27.3801,27.4453,7.867999999999999,7.922999999999999,2.456,2.4730000000000003,False
973.033,2019-10-06 22:48:57,30487.0,1270.249,-106.85136000000001,16.78574,965.0,4.5385,4.5126,33089.0,3.3133209999999997,0.0639,0.0168,99.5808,0.0018999000000000002,0.0,0.5357,0.5442,0.0574,0.1197,4.6325,0.0,0.017,0.0,0.5358,0.5444,34.5524,34.6311,27.381,27.4464,7.8629999999999995,7.919,2.455,2.472,False
974.044,2019-10-06 22:48:57,30516.0,1271.468,-106.85136000000001,16.78574,966.0,4.5255,4.5003,33078.0,3.31229,0.0776,0.0168,99.5808,0.0015281,0.0,0.5359,0.5443,0.0588,0.1199,4.6325,0.0,0.0151,0.0,0.5361,0.5447,34.5526,34.6313,27.3826,27.4479,8.475,8.162,2.645,2.5469999999999997,False
975.054,2019-10-06 22:48:57,30554.0,1273.026,-106.85136000000001,16.78574,967.0,4.5212,4.4966,33074.0,3.3119370000000004,0.064,0.0168,99.5808,0.0022451999999999997,0.0,0.536,0.5446,0.0574,0.1199,4.6325,0.0,0.0183,0.0,0.537,0.5454,34.5525,34.6306,27.3829,27.4477,8.298,8.318,2.589,2.595,False
976.065,2019-10-06 22:48:57,30592.0,1274.607,-106.85136000000001,16.78574,968.0,4.521,4.4961,33074.0,3.311927,0.0639,0.0169,99.5775,0.0015018,0.0,0.536,0.5448,0.0574,0.1197,4.6323,0.0,0.0152,0.0,0.537,0.5459,34.5523,34.6305,27.3828,27.4476,8.086,8.293,2.523,2.588,False
977.076,2019-10-06 22:48:57,30618.0,1275.7060000000001,-106.85136000000001,16.78574,969.0,4.5201,4.4954,33074.0,3.3119120000000004,0.0639,0.0168,99.5809,0.00071517,0.0,0.537,0.5453,0.0574,0.1197,4.6325,0.0,0.0116,0.0,0.5371,0.5463,34.5525,34.6306,27.3831,27.4478,8.265,8.306000000000001,2.5789999999999997,2.591,False
978.087,2019-10-06 22:48:57,30638.0,1276.521,-106.85136000000001,16.78574,970.0,4.5198,4.495,33074.0,3.311928,0.0639,0.0168,99.5808,0.0020396,0.0,0.5371,0.5457,0.0574,0.1202,4.6325,0.0,0.0174,0.0,0.5372,0.5462,34.5524,34.6306,27.3831,27.4479,8.427,8.35,2.6289999999999996,2.605,False
979.097,2019-10-06 22:48:57,30654.0,1277.1989999999998,-106.85136000000001,16.78574,971.0,4.5192,4.4944,33075.0,3.311936,0.0639,0.0168,99.5808,0.0041451,0.0,0.5372,0.5457,0.0574,0.12,4.6325,0.0,0.0264,0.0,0.5376,0.5464,34.5534,34.6308,27.384,27.4482,8.307,8.415,2.592,2.625,False
980.1080000000001,2019-10-06 22:48:57,30669.0,1277.844,-106.85136000000001,16.78574,972.0,4.5182,4.4934,33075.0,3.3118830000000004,0.0639,0.0168,99.5808,0.00080708,0.0,0.5372,0.5462,0.0574,0.1203,4.6325,0.0,0.0121,0.0,0.5373,0.5466,34.554,34.6308,27.3845,27.4482,8.401,8.431000000000001,2.6210000000000004,2.63,False
981.1189999999999,2019-10-06 22:48:57,30684.0,1278.476,-106.85136000000001,16.78574,973.0,4.5163,4.4917,33073.0,3.311808,0.0732,0.0168,99.5808,0.0010670999999999999,0.0,0.5372,0.5462,0.0583,0.1201,4.6325,0.0,0.0132,0.0,0.5379,0.5467,34.5534,34.6311,27.3843,27.4487,8.717,8.415,2.72,2.625,False
982.13,2019-10-06 22:48:57,30702.0,1279.2160000000001,-106.85136000000001,16.78574,974.0,4.5139,4.4891,33070.0,3.311603,0.0827,0.0168,99.5808,5.704e-05,0.0,0.5373,0.5464,0.0592,0.1202,4.6325,0.0,0.0088,0.0,0.5381,0.5467,34.5517,34.6309,27.3832,27.4488,8.568999999999999,8.247,2.673,2.573,False
983.14,2019-10-06 22:48:57,30749.0,1281.167,-106.85136000000001,16.78574,975.0,4.5137,4.4889,33071.0,3.311578,0.0647,0.0171,99.5735,0.00085155,0.0,0.5378,0.5467,0.0575,0.1201,4.6322,0.0,0.0123,0.0,0.5382,0.5469,34.5531,34.6304,27.3844,27.4485,8.369,8.44,2.611,2.633,False
984.1510000000001,2019-10-06 22:48:57,30806.0,1283.537,-106.85136000000001,16.78574,976.0,4.5084,4.4856,33068.0,3.3114230000000004,0.0639,0.0168,99.5811,7.0987e-05,0.0,0.5385,0.5468,0.0574,0.1203,4.6325,0.0,0.0089,0.0,0.5382,0.5472,34.5538,34.6315,27.3855,27.4497,8.333,8.509,2.6,2.654,False
985.1619999999999,2019-10-06 22:48:57,30827.0,1284.4160000000002,-106.85136000000001,16.78574,977.0,4.5055,4.4806,33066.0,3.3109800000000003,0.0639,0.0172,99.5714,0.0010003,0.0,0.5385,0.5472,0.0574,0.1197,4.6321,0.0,0.0131,0.0,0.5382,0.5474,34.554,34.631,27.386,27.4499,8.467,8.704,2.641,2.715,False
986.173,2019-10-06 22:48:57,30845.0,1285.1589999999999,-106.85136000000001,16.78574,978.0,4.5023,4.4772,33063.0,3.310779,0.0639,0.0173,99.5693,0.0023105,0.0,0.5385,0.5471,0.0574,0.1202,4.632,0.0,0.0187,0.0,0.5384,0.5475,34.5539,34.6317,27.3862,27.4507,8.611,8.593,2.6860000000000004,2.68,False
987.183,2019-10-06 22:48:57,30861.0,1285.819,-106.85136000000001,16.78574,979.0,4.4946,4.4698,33056.0,3.3102129999999996,0.0639,0.0171,99.5743,0.0018984000000000002,0.0,0.5385,0.5472,0.0574,0.1205,4.6322,0.0,0.0169,0.0,0.5384,0.5478,34.5529,34.6323,27.3863,27.4521,8.945,8.736,2.7889999999999997,2.7239999999999998,False
988.194,2019-10-06 22:48:57,30876.0,1286.471,-106.85136000000001,16.78574,980.0,4.4897,4.4643,33052.0,3.309736,0.0639,0.0179,99.5547,0.0012561,0.0,0.5385,0.5474,0.0574,0.1204,4.6313,0.0,0.0143,0.0,0.5391,0.548,34.5531,34.632,27.387,27.4524,9.23,8.806000000000001,2.878,2.7460000000000004,False
989.205,2019-10-06 22:48:57,30893.0,1287.1580000000001,-106.85136000000001,16.78574,981.0,4.4846,4.4594,33048.0,3.309357,0.0639,0.0169,99.5774,0.0014867,0.0,0.5385,0.5473,0.0574,0.1198,4.6323,0.0,0.0152,0.0,0.5395,0.5482,34.5534,34.6321,27.3877,27.453,9.185,8.982000000000001,2.863,2.8,False
990.215,2019-10-06 22:48:57,30912.0,1287.945,-106.85136000000001,16.78574,982.0,4.4667,4.4406,33034.0,3.3079769999999997,0.0639,0.0169,99.5782,0.0032695999999999997,0.0,0.5385,0.5477,0.0574,0.1197,4.6324,0.0,0.0228,0.0,0.5399,0.5487,34.5542,34.6351,27.3904,27.4575,9.405,9.129,2.931,2.845,False
991.2260000000001,2019-10-06 22:48:57,30958.0,1289.87,-106.85136000000001,16.78575,983.0,4.4612,4.4367,33029.0,3.307348,0.0639,0.0168,99.5797,0.0017533000000000002,0.0,0.5393,0.5482,0.0574,0.1197,4.6324,0.0,0.0162,0.0,0.5406,0.5493,34.5539,34.6313,27.3907,27.4548,9.106,9.157,2.8369999999999997,2.853,False
992.237,2019-10-06 22:48:57,31023.0,1292.59,-106.85136000000001,16.78576,984.0,4.4534,4.4342,33022.0,3.307318,0.0639,0.0168,99.58,0.0027234000000000004,0.0,0.5408,0.5492,0.0574,0.1197,4.6325,0.0,0.0205,0.0,0.5415,0.5505,34.5541,34.633,27.3917,27.4565,9.579,9.329,2.984,2.906,False
993.248,2019-10-06 22:48:57,31046.0,1293.526,-106.85136000000001,16.78576,985.0,4.4511,4.4265,33021.0,3.3065919999999998,0.0639,0.0168,99.5808,0.0011409,0.0,0.5409,0.5496,0.0574,0.1197,4.6325,0.0,0.0136,0.0,0.5417,0.5504,34.5541,34.6321,27.392,27.4566,9.262,9.169,2.885,2.8560000000000003,False
994.258,2019-10-06 22:48:57,31063.0,1294.257,-106.85136000000001,16.78576,986.0,4.4511,4.4261,33021.0,3.306618,0.0639,0.0168,99.5808,0.0007938,0.0,0.5409,0.5497,0.0574,0.1198,4.6325,0.0,0.0121,0.0,0.5419,0.5506,34.5539,34.6322,27.3919,27.4568,9.212,9.439,2.8689999999999998,2.94,False
995.2689999999999,2019-10-06 22:48:57,31078.0,1294.879,-106.85136000000001,16.78576,987.0,4.4505,4.4257,33021.0,3.306607,0.0639,0.0168,99.5808,0.00085537,0.0,0.541,0.5501,0.0574,0.1199,4.6325,0.0,0.0124,0.0,0.5419,0.551,34.5541,34.6321,27.392,27.4567,9.202,9.527999999999999,2.867,2.968,False
996.28,2019-10-06 22:48:57,31092.0,1295.458,-106.85136000000001,16.78576,988.0,4.4502,4.4254,33021.0,3.3066230000000005,0.0714,0.0168,99.5808,0.00010549,0.0,0.5412,0.5506,0.0581,0.1199,4.6325,0.0,0.0091,0.0,0.542,0.5513,34.5539,34.6321,27.3919,27.4568,9.18,9.378,2.859,2.9210000000000003,False
997.291,2019-10-06 22:48:57,31106.0,1296.035,-106.85136000000001,16.78576,989.0,4.4503,4.4256,33022.0,3.306682,0.0825,0.0168,99.5808,-2.5619999999999998e-06,0.0,0.5417,0.5504,0.0592,0.1196,4.6325,0.0,0.0085,0.0,0.542,0.5507,34.5543,34.632,27.3922,27.4567,9.257,9.2,2.884,2.866,False
998.301,2019-10-06 22:48:57,31120.0,1296.642,-106.85136000000001,16.78576,990.0,4.4505,4.4257,33022.0,3.306732,0.0726,0.0168,99.5808,1e-12,0.0,0.5419,0.5506,0.0583,0.1196,4.6325,0.0,0.0085,0.0,0.5421,0.5512,34.5538,34.632,27.3919,27.4567,9.359,9.488,2.915,2.9560000000000004,False
999.312,2019-10-06 22:48:57,31138.0,1297.383,-106.85136000000001,16.78576,991.0,4.4504,4.4257,33023.0,3.3067699999999998,0.0641,0.0168,99.5808,0.00098378,0.0,0.542,0.5508,0.0574,0.1199,4.6325,0.0,0.0127,0.0,0.5423,0.5514,34.5548,34.6319,27.3927,27.4566,9.621,9.496,2.997,2.958,False
1000.323,2019-10-06 22:48:57,31195.0,1299.743,-106.85136000000001,16.78576,992.0,4.451,4.4266,33024.0,3.306875,0.0723,0.0184,99.5406,0.00088489,0.0,0.5423,0.5513,0.0582,0.1197,4.6306,0.0,0.0125,0.0,0.5429,0.5516,34.5548,34.6317,27.3926,27.4564,9.415,9.372,2.9330000000000003,2.9189999999999996,False
1001.334,2019-10-06 22:48:57,31246.0,1301.889,-106.85136000000001,16.78575,993.0,4.4476,4.4234,33022.0,3.3066809999999998,0.0734,0.0168,99.5817,0.00011822,0.0,0.543,0.5517,0.0583,0.1196,4.6325,0.0,0.0091,0.0,0.5431,0.5517,34.555,34.6323,27.3932,27.4572,9.491,9.456,2.9560000000000004,2.945,False
1002.3439999999999,2019-10-06 22:48:57,31268.0,1302.775,-106.85136000000001,16.78574,994.0,4.4466,4.4224,33021.0,3.306633,0.0639,0.0168,99.5808,0.00025927,0.0,0.543,0.5519,0.0574,0.1198,4.6325,0.0,0.0097,0.0,0.5432,0.5517,34.555,34.6323,27.3933,27.4573,9.408999999999999,9.947000000000001,2.931,3.0980000000000003,False
1003.3560000000001,2019-10-06 22:48:57,31285.0,1303.495,-106.85136000000001,16.78574,995.0,4.446,4.4218,33022.0,3.3066129999999996,0.0639,0.0168,99.5808,0.0020993,0.0,0.5428,0.5518,0.0574,0.1199,4.6325,0.0,0.0178,0.0,0.5431,0.5525,34.5552,34.6322,27.3935,27.4572,9.376,9.82,2.92,3.0589999999999997,False
1004.3660000000001,2019-10-06 22:48:57,31300.0,1304.137,-106.85136000000001,16.78574,996.0,4.4469,4.422,33023.0,3.3066720000000003,0.0639,0.0168,99.5808,0.0016349000000000001,0.0,0.543,0.5519,0.0574,0.12,4.6325,0.0,0.0156,0.0,0.5432,0.5525,34.5551,34.6321,27.3933,27.4572,9.419,8.992,2.9339999999999997,2.801,False
1005.377,2019-10-06 22:48:57,31315.0,1304.769,-106.85136000000001,16.78574,997.0,4.446,4.4216,33022.0,3.3066980000000004,0.0639,0.0168,99.5808,0.0022694000000000004,0.0,0.5432,0.5518,0.0574,0.1201,4.6325,0.0,0.0186,0.0,0.5432,0.5516,34.555,34.6324,27.3934,27.4575,9.332,8.84,2.907,2.753,False
1006.388,2019-10-06 22:48:57,31332.0,1305.46,-106.85136000000001,16.78574,998.0,4.4459,4.4211,33023.0,3.3066800000000005,0.0639,0.0168,99.5808,0.0014708,0.0,0.5432,0.5517,0.0574,0.1199,4.6325,0.0,0.015,0.0,0.5431,0.5514,34.5551,34.6322,27.3934,27.4574,9.373,9.58,2.9189999999999996,2.984,False
1007.3989999999999,2019-10-06 22:48:57,31355.0,1306.396,-106.85136000000001,16.78574,999.0,4.4455,4.4209,33023.0,3.3067059999999997,0.0639,0.0168,99.5808,0.00052036,0.0,0.5433,0.5521,0.0574,0.1202,4.6325,0.0,0.0108,0.0,0.5432,0.5519,34.5549,34.6321,27.3933,27.4574,9.407,9.644,2.93,3.0039999999999996,False
1008.41,2019-10-06 22:48:57,31428.0,1309.4589999999998,-106.85136000000001,16.78574,1000.0,4.4465,4.422,33024.0,3.30681,0.0639,0.0172,99.5718,0.00173,0.0,0.5433,0.5521,0.0574,0.1196,4.6321,0.0,0.0162,0.0,0.5432,0.5522,34.5547,34.6317,27.3931,27.457,9.375,9.509,2.92,2.9619999999999997,False
1009.421,2019-10-06 22:48:57,31461.0,1310.844,-106.85136000000001,16.78574,1001.0,4.4449,4.4201,33023.0,3.306724,0.0639,0.0169,99.5776,0.0023065,0.0,0.5433,0.5524,0.0574,0.1199,4.6324,0.0,0.0186,0.0,0.5432,0.552,34.5549,34.6321,27.3934,27.4575,9.386000000000001,9.478,2.923,2.952,False
1010.431,2019-10-06 22:48:57,31481.0,1311.6760000000002,-106.85136000000001,16.78574,1002.0,4.445,4.4202,33023.0,3.306776,0.0639,0.0168,99.5809,0.0031951999999999996,0.0,0.5433,0.5522,0.0574,0.1203,4.6325,0.0,0.0224,0.0,0.5432,0.5525,34.5547,34.6322,27.3933,27.4575,9.387,9.576,2.924,2.983,False
1011.442,2019-10-06 22:48:57,31497.0,1312.348,-106.85136000000001,16.78574,1003.0,4.4447,4.4202,33024.0,3.306825,0.0672,0.0179,99.554,0.0034900999999999995,0.0,0.5433,0.5521,0.0577,0.1204,4.6313,0.0,0.0237,0.0,0.5432,0.5521,34.5548,34.6323,27.3934,27.4576,9.388,9.516,2.924,2.964,False
1012.453,2019-10-06 22:48:57,31512.0,1312.9489999999998,-106.85136000000001,16.78574,1004.0,4.4408,4.4174,33021.0,3.306682,0.0852,0.0174,99.566,0.0021712,0.0,0.5433,0.5522,0.0595,0.1197,4.6318,0.0,0.0182,0.0,0.5432,0.5522,34.5552,34.633,27.3941,27.4585,9.536,9.726,2.97,3.029,False
1013.4639999999999,2019-10-06 22:48:57,31526.0,1313.5279999999998,-106.85136000000001,16.78574,1005.0,4.4376,4.4131,33019.0,3.3063580000000004,0.0839,0.0169,99.5791,0.0010754000000000002,0.0,0.5433,0.5528,0.0594,0.1199,4.6324,0.0,0.0132,0.0,0.5432,0.5526,34.5553,34.6331,27.3946,27.4591,9.788,10.075,3.048,3.137,False
1014.475,2019-10-06 22:48:57,31540.0,1314.111,-106.85136000000001,16.78574,1006.0,4.4362,4.4124,33018.0,3.306285,0.0858,0.0168,99.5808,0.001604,0.0,0.5433,0.5523,0.0596,0.1198,4.6325,0.0,0.0156,0.0,0.5438,0.5531,34.5552,34.6326,27.3946,27.4587,10.087,9.896,3.141,3.0810000000000004,False
1015.4860000000001,2019-10-06 22:48:57,31555.0,1314.7620000000002,-106.85136000000001,16.78574,1007.0,4.4297,4.4038,33012.0,3.305676,0.0687,0.0168,99.5808,0.0027605,0.0,0.5433,0.5523,0.0579,0.1201,4.6325,0.0,0.0207,0.0,0.5439,0.553,34.5551,34.6339,27.3953,27.4607,10.032,9.801,3.123,3.051,False
1016.497,2019-10-06 22:48:57,31575.0,1315.598,-106.85136000000001,16.78574,1008.0,4.4145,4.3889,32999.0,3.304445,0.0717,0.0168,99.5808,0.0038801,0.0,0.5433,0.5524,0.0582,0.1199,4.6325,0.0,0.0254,0.0,0.5443,0.553,34.5548,34.6345,27.3967,27.4627,9.894,9.756,3.0789999999999997,3.036,False
1017.507,2019-10-06 22:48:57,31637.0,1318.154,-106.85136000000001,16.78574,1009.0,4.4163,4.392,33001.0,3.3045449999999996,0.0661,0.0178,99.557,0.0022318,0.0,0.544,0.553,0.0576,0.1198,4.6314,0.0,0.0183,0.0,0.5449,0.5547,34.5553,34.6319,27.3969,27.4604,10.041,10.252,3.125,3.1910000000000003,False
1018.518,2019-10-06 22:48:57,31696.0,1320.645,-106.85136000000001,16.78574,1010.0,4.4068,4.3875,32993.0,3.304359,0.08,0.0178,99.558,-0.00011570000000000001,0.0,0.5447,0.5537,0.059,0.1201,4.6315,0.0,0.008,0.0,0.5456,0.5527,34.5548,34.634,27.3975,27.4625,10.009,8.693,3.114,2.705,False
1019.529,2019-10-06 22:48:57,31719.0,1321.578,-106.85136000000001,16.78574,1011.0,4.4056,4.3807,32992.0,3.303721,0.0637,0.0179,99.5544,0.00067117,0.0,0.5449,0.5545,0.0574,0.1197,4.6313,0.0,0.0115,0.0,0.5456,0.5531,34.5549,34.6331,27.3978,27.4625,9.917,11.345,3.0860000000000003,3.53,False
1020.54,2019-10-06 22:48:57,31737.0,1322.336,-106.85136000000001,16.78574,1012.0,4.4042,4.3798,32991.0,3.303722,0.0639,0.0179,99.5545,9.4851e-05,0.0,0.5455,0.5579,0.0574,0.1199,4.6313,0.0,0.009,0.0,0.5456,0.5559,34.5548,34.6335,27.3978,27.463,10.027000000000001,12.374,3.12,3.85,False
1021.551,2019-10-06 22:48:57,31753.0,1322.997,-106.85136000000001,16.78574,1013.0,4.399,4.3739,32987.0,3.30327,0.0688,0.0179,99.5545,0.0033534,0.0,0.5456,0.5544,0.0579,0.1203,4.6313,0.0,0.0229,0.0,0.5458,0.5571,34.5549,34.6338,27.3984,27.4639,10.332,9.854,3.214,3.0660000000000003,False
1022.562,2019-10-06 22:48:57,31768.0,1323.626,-106.85136000000001,16.78574,1014.0,4.395,4.37,32984.0,3.302969,0.0833,0.0179,99.5545,0.001732,0.0,0.5457,0.5541,0.0593,0.12,4.6313,0.0,0.0162,0.0,0.546,0.5537,34.5552,34.6339,27.3991,27.4644,10.686,8.666,3.324,2.696,False
1023.573,2019-10-06 22:48:57,31784.0,1324.274,-106.85136000000001,16.78574,1015.0,4.391,4.366,32982.0,3.302658,0.0708,0.0179,99.5545,0.00010877,0.0,0.5458,0.5519,0.0581,0.1196,4.6313,0.0,0.009,0.0,0.5468,0.5547,34.5555,34.6339,27.3998,27.4648,10.808,10.343,3.362,3.217,False
1024.5839999999998,2019-10-06 22:48:57,31801.0,1324.984,-106.85136000000001,16.78574,1016.0,4.3872,4.3622,32978.0,3.302371,0.064,0.0176,99.5626,2.6252e-05,0.0,0.5458,0.553,0.0574,0.1198,4.6317,0.0,0.0086,0.0,0.5468,0.5553,34.5553,34.634,27.4001,27.4653,10.796,10.322000000000001,3.358,3.21,False
1025.595,2019-10-06 22:48:57,31822.0,1325.89,-106.85136000000001,16.78574,1017.0,4.3796,4.3545,32972.0,3.3017730000000003,0.0639,0.0176,99.5619,0.00028869,0.0,0.5458,0.5555,0.0574,0.1199,4.6316,0.0,0.0098,0.0,0.5476,0.5547,34.5556,34.6346,27.4011,27.4666,10.902999999999999,9.918,3.391,3.0839999999999996,False
1026.605,2019-10-06 22:48:57,31859.0,1327.4189999999999,-106.85136999999999,16.78574,1018.0,4.3726,4.348,32967.0,3.301167,0.0734,0.0171,99.5738,0.0011078,0.0,0.5465,0.5555,0.0583,0.1198,4.6322,0.0,0.0135,0.0,0.5481,0.5562,34.5559,34.6337,27.4021,27.4666,10.589,11.417,3.293,3.55,False
1027.616,2019-10-06 22:48:57,31904.0,1329.296,-106.85138,16.78574,1019.0,4.3715,4.3467,32966.0,3.301089,0.0636,0.0179,99.5547,0.000507,0.0,0.5476,0.5548,0.0574,0.1197,4.6313,0.0,0.0109,0.0,0.5483,0.5568,34.5556,34.6336,27.402,27.4667,10.913,10.146,3.3930000000000002,3.154,False
1028.628,2019-10-06 22:48:57,31935.0,1330.604,-106.85138,16.78574,1020.0,4.3679,4.3432,32963.0,3.300878,0.0639,0.0177,99.5594,0.0012771,0.0,0.5482,0.5557,0.0574,0.1197,4.6315,0.0,0.0142,0.0,0.5492,0.5576,34.5558,34.6344,27.4025,27.4676,11.112,11.147,3.455,3.465,False
1029.639,2019-10-06 22:48:57,31959.0,1331.5910000000001,-106.85138,16.78574,1021.0,4.3592,4.3344,32957.0,3.3001620000000003,0.0639,0.0172,99.5711,1.6655e-05,0.0,0.5482,0.5578,0.0574,0.1198,4.6321,0.0,0.0086,0.0,0.5493,0.5578,34.5563,34.6347,27.4038,27.4688,10.705,10.798,3.3280000000000003,3.3560000000000003,False
1030.649,2019-10-06 22:48:57,31979.0,1332.424,-106.85138,16.78574,1022.0,4.3545,4.3295,32953.0,3.299785,0.0666,0.0172,99.5706,0.0011232999999999998,0.0,0.5483,0.5571,0.0577,0.1199,4.632,0.0,0.0135,0.0,0.5493,0.5578,34.5563,34.6349,27.4044,27.4695,10.972000000000001,11.249,3.41,3.4960000000000004,False
1031.66,2019-10-06 22:48:57,31998.0,1333.215,-106.85138,16.78574,1023.0,4.3497,4.3249,32949.0,3.299411,0.084,0.0171,99.5725,2.6291e-05,0.0,0.5487,0.5563,0.0594,0.1198,4.6321,0.0,0.0087,0.0,0.5497,0.5587,34.5564,34.6348,27.405,27.4699,11.459000000000001,11.189,3.5610000000000004,3.477,False
1032.671,2019-10-06 22:48:57,32018.0,1334.059,-106.85138,16.78574,1024.0,4.3468,4.322,32947.0,3.299183,0.067,0.0169,99.5795,1.0072e-06,0.0,0.5494,0.5577,0.0577,0.1198,4.6324,0.0,0.0085,0.0,0.5504,0.5583,34.5567,34.6345,27.4055,27.4701,11.481,11.034,3.568,3.429,False
1033.682,2019-10-06 22:48:57,32047.0,1335.229,-106.85138,16.78574,1025.0,4.3451,4.3204,32946.0,3.2990769999999996,0.064,0.0177,99.5601,0.00096746,0.0,0.5495,0.5577,0.0574,0.1197,4.6316,0.0,0.0128,0.0,0.5506,0.5588,34.5565,34.6345,27.4056,27.4702,11.004000000000001,11.147,3.4189999999999996,3.463,False
1034.693,2019-10-06 22:48:57,32088.0,1336.9589999999998,-106.85138,16.78574,1026.0,4.3419,4.3172,32943.0,3.2988419999999996,0.0639,0.0172,99.5724,-5.394e-05,0.0,0.55,0.5585,0.0574,0.12,4.6321,0.0,0.0083,0.0,0.5506,0.5595,34.5564,34.6346,27.4059,27.4706,11.009,11.354000000000001,3.42,3.5269999999999997,False
1035.704,2019-10-06 22:48:57,32118.0,1338.227,-106.85138,16.78574,1027.0,4.3401,4.3154,32942.0,3.2987269999999995,0.0639,0.0168,99.5799,0.0002572,0.0,0.5507,0.5591,0.0574,0.1197,4.6325,0.0,0.0097,0.0,0.551,0.5596,34.5563,34.6346,27.406,27.4708,11.593,11.157,3.602,3.466,False
1036.715,2019-10-06 22:48:57,32141.0,1339.1570000000002,-106.85138,16.78574,1028.0,4.3395,4.3148,32942.0,3.298725,0.0639,0.0176,99.5616,0.00027943,0.0,0.5507,0.5588,0.0574,0.12,4.6316,0.0,0.0098,0.0,0.5514,0.5595,34.5565,34.6347,27.4062,27.471,11.437000000000001,11.429,3.553,3.551,False
1037.726,2019-10-06 22:48:57,32161.0,1339.9820000000002,-106.85138,16.78574,1029.0,4.3394,4.3148,32944.0,3.2987580000000003,0.0639,0.0179,99.5543,0.0011919,0.0,0.5507,0.5594,0.0574,0.1198,4.6313,0.0,0.0139,0.0,0.5517,0.5601,34.5578,34.6346,27.4073,27.4709,11.445,11.440999999999999,3.556,3.554,False
1038.737,2019-10-06 22:48:57,32180.0,1340.779,-106.85138,16.78574,1030.0,4.3389,4.3142,32944.0,3.2987519999999995,0.0639,0.0179,99.5545,0.0019776,0.0,0.5507,0.5595,0.0574,0.12,4.6313,0.0,0.0172,0.0,0.5518,0.5605,34.5578,34.6347,27.4073,27.4711,11.287,11.713,3.5069999999999997,3.639,False
1039.748,2019-10-06 22:48:57,32199.0,1341.6,-106.85138,16.78574,1031.0,4.3381,4.3134,32943.0,3.298717,0.0639,0.0174,99.5653,0.0007906,0.0,0.5509,0.5598,0.0574,0.1202,4.6318,0.0,0.0122,0.0,0.5518,0.5604,34.5575,34.6346,27.4072,27.4711,11.200999999999999,11.093,3.48,3.446,False
1040.759,2019-10-06 22:48:57,32221.0,1342.514,-106.85138,16.78574,1032.0,4.3373,4.3126,32943.0,3.2987,0.078,0.0169,99.5785,6.8786e-05,0.0,0.5516,0.5596,0.0588,0.1203,4.6324,0.0,0.0088,0.0,0.5518,0.5602,34.5576,34.6347,27.4074,27.4713,11.2,11.290999999999999,3.4789999999999996,3.5069999999999997,False
1041.77,2019-10-06 22:48:57,32247.0,1343.596,-106.85138,16.78574,1033.0,4.3365,4.3119,32943.0,3.298675,0.0692,0.0169,99.5781,0.00081389,0.0,0.5518,0.5601,0.0579,0.1199,4.6324,0.0,0.0122,0.0,0.5518,0.5611,34.5578,34.6346,27.4076,27.4713,11.202,11.649000000000001,3.48,3.6189999999999998,False
1042.781,2019-10-06 22:48:57,32285.0,1345.171,-106.85138,16.78574,1034.0,4.3359,4.3112,32942.0,3.298655,0.064,0.0178,99.5578,0.002503,0.0,0.5519,0.5606,0.0574,0.1198,4.6315,0.0,0.0194,0.0,0.5518,0.5598,34.5576,34.6346,27.4075,27.4713,11.273,11.229000000000001,3.502,3.488,False
1043.792,2019-10-06 22:48:57,32332.0,1347.1070000000002,-106.85138,16.78574,1035.0,4.3351,4.3105,32942.0,3.298635,0.0794,0.0176,99.5617,0.0036076999999999997,0.0,0.5519,0.5611,0.0589,0.1199,4.6316,0.0,0.0242,0.0,0.5519,0.5609,34.5575,34.6346,27.4075,27.4714,11.321,11.24,3.517,3.492,False
1044.803,2019-10-06 22:48:57,32360.0,1348.277,-106.85138,16.78574,1036.0,4.3346,4.3099,32942.0,3.2986440000000004,0.0634,0.0172,99.5716,0.0040213,0.0,0.5519,0.5593,0.0573,0.1198,4.6321,0.0,0.0256,0.0,0.5521,0.5606,34.5577,34.6348,27.4077,27.4717,11.536,11.789000000000001,3.583,3.662,False
1045.8139999999999,2019-10-06 22:48:57,32379.0,1349.095,-106.85138,16.78574,1037.0,4.3329,4.3082,32941.0,3.298553,0.0639,0.0168,99.5812,0.00076341,0.0,0.552,0.5603,0.0574,0.12,4.6325,0.0,0.012,0.0,0.5524,0.5609,34.5576,34.635,27.4078,27.472,11.797,11.707,3.665,3.636,False
1046.825,2019-10-06 22:48:57,32396.0,1349.8020000000001,-106.85138,16.78574,1038.0,4.329,4.3045,32938.0,3.2983019999999996,0.0639,0.017,99.5761,0.005241399999999999,0.0,0.5519,0.5604,0.0574,0.1197,4.6323,0.0,0.0311,0.0,0.5528,0.5607,34.5577,34.6355,27.4083,27.4728,11.769,13.783,3.656,4.281000000000001,False
1047.836,2019-10-06 22:48:57,32412.0,1350.473,-106.85138,16.78574,1039.0,4.3228,4.2963,32933.0,3.2977190000000003,0.0639,0.0175,99.5645,0.0047523999999999995,0.0,0.5521,0.5616,0.0574,0.1197,4.6318,0.0,0.0289,0.0,0.5529,0.5667,34.5576,34.6367,27.409,27.4746,11.687000000000001,11.469000000000001,3.63,3.562,False
1048.847,2019-10-06 22:48:57,32429.0,1351.1589999999999,-106.85138,16.78574,1040.0,4.315,4.2908,32926.0,3.297158,0.0639,0.0169,99.5791,0.0038779000000000005,0.0,0.5523,0.5601,0.0574,0.1203,4.6324,0.0,0.0255,0.0,0.553,0.5586,34.5573,34.6353,27.4095,27.4741,11.674000000000001,8.074,3.625,2.5069999999999997,False
1049.858,2019-10-06 22:48:57,32448.0,1351.951,-106.85138,16.78574,1041.0,4.3093,4.2842,32922.0,3.2967410000000004,0.0639,0.0169,99.5783,0.00085158,0.0,0.5521,0.5611,0.0574,0.1202,4.6324,0.0,0.0123,0.0,0.5533,0.5603,34.5575,34.6369,27.4103,27.4761,12.247,12.835,3.802,3.984,False
1050.869,2019-10-06 22:48:57,32482.0,1353.354,-106.85138,16.78574,1042.0,4.2935,4.2674,32909.0,3.295272,0.0772,0.0174,99.5675,0.0034516999999999994,0.0,0.5528,0.5621,0.0587,0.1198,4.6319,0.0,0.0235,0.0,0.5542,0.5623,34.558,34.6366,27.4124,27.4777,12.300999999999998,12.41,3.8169999999999997,3.8510000000000004,False
1051.88,2019-10-06 22:48:57,32536.0,1355.604,-106.85138,16.78574,1043.0,4.2875,4.2621,32904.0,3.2947839999999995,0.0671,0.017,99.5752,0.001953,0.0,0.5535,0.5605,0.0577,0.1198,4.6322,0.0,0.0172,0.0,0.5554,0.564,34.5582,34.6359,27.4131,27.4776,12.347000000000001,12.485,3.8310000000000004,3.8739999999999997,False
1052.891,2019-10-06 22:48:57,32564.0,1356.7820000000002,-106.85138,16.78574,1044.0,4.2859,4.2614,32903.0,3.2947699999999998,0.0639,0.0168,99.5796,0.0013186,0.0,0.5543,0.5627,0.0574,0.1198,4.6324,0.0,0.0144,0.0,0.5555,0.5634,34.558,34.636,27.4132,27.4778,11.985,11.738,3.719,3.642,False
1053.902,2019-10-06 22:48:57,32585.0,1357.672,-106.85138,16.78574,1045.0,4.2841,4.2592,32902.0,3.294643,0.0639,0.0169,99.5795,0.0011995999999999999,0.0,0.5546,0.5626,0.0574,0.1199,4.6324,0.0,0.0139,0.0,0.5555,0.5634,34.5585,34.6362,27.4138,27.4782,12.295,12.265,3.815,3.805,False
1054.913,2019-10-06 22:48:57,32604.0,1358.4389999999999,-106.85138,16.78574,1046.0,4.2835,4.2588,32902.0,3.2946410000000004,0.0639,0.0175,99.5645,0.00049128,0.0,0.5551,0.5628,0.0574,0.12,4.6318,0.0,0.0107,0.0,0.556,0.5641,34.5581,34.6361,27.4136,27.4782,12.618,12.984000000000002,3.915,4.0280000000000005,False
1055.924,2019-10-06 22:48:57,32623.0,1359.236,-106.85138,16.78574,1047.0,4.2826,4.2581,32901.0,3.294618,0.0639,0.0182,99.5452,0.0026303,0.0,0.5556,0.5653,0.0574,0.1198,4.6308,0.0,0.0201,0.0,0.5561,0.5656,34.5582,34.6362,27.4138,27.4783,12.534,12.693,3.889,3.938,False
1056.9360000000001,2019-10-06 22:48:57,32644.0,1360.139,-106.85138,16.78574,1048.0,4.2801,4.2556,32900.0,3.29446,0.0639,0.0181,99.549,0.0024451,0.0,0.5556,0.5634,0.0574,0.1201,4.631,0.0,0.0193,0.0,0.5567,0.5641,34.5582,34.6364,27.414,27.4788,12.546,11.802999999999999,3.892,3.662,False
1057.947,2019-10-06 22:48:57,32671.0,1361.239,-106.85138,16.78574,1049.0,4.2781,4.2533,32898.0,3.294289,0.0639,0.0179,99.5544,0.00179,0.0,0.5556,0.5637,0.0574,0.1199,4.6313,0.0,0.0165,0.0,0.5567,0.5666,34.5581,34.6362,27.4142,27.4789,12.245999999999999,13.657,3.799,4.236000000000001,False
1058.958,2019-10-06 22:48:57,32699.0,1362.4279999999999,-106.85138,16.78574,1050.0,4.2772,4.2525,32899.0,3.294258,0.0639,0.0176,99.5624,0.0019885000000000002,0.0,0.5563,0.5648,0.0574,0.1199,4.6317,0.0,0.0173,0.0,0.5567,0.5642,34.5592,34.6362,27.4152,27.4789,12.245,11.095999999999998,3.799,3.4419999999999997,False
1059.969,2019-10-06 22:48:57,32727.0,1363.59,-106.85138,16.78574,1051.0,4.2753,4.2505,32898.0,3.294147,0.0639,0.0179,99.5545,0.0028555,0.0,0.5567,0.5645,0.0574,0.1198,4.6313,0.0,0.0209,0.0,0.5567,0.5648,34.5594,34.6365,27.4155,27.4794,12.247,13.724,3.799,4.257,False
1060.98,2019-10-06 22:48:57,32754.0,1364.707,-106.85138,16.78574,1052.0,4.2727,4.248,32896.0,3.293968,0.0639,0.0179,99.5545,0.0010945,0.0,0.5568,0.5663,0.0574,0.12,4.6313,0.0,0.0134,0.0,0.5568,0.5684,34.5594,34.6365,27.4158,27.4797,12.592,12.97,3.906,4.023,False
1061.991,2019-10-06 22:48:57,32779.0,1365.737,-106.85138,16.78574,1053.0,4.2714,4.2467,32895.0,3.2938980000000004,0.0639,0.0179,99.5545,0.0007303,0.0,0.5568,0.5648,0.0574,0.1198,4.6313,0.0,0.0119,0.0,0.5573,0.5644,34.5596,34.6365,27.4161,27.4798,12.853,11.046,3.987,3.426,False
1063.002,2019-10-06 22:48:57,32803.0,1366.7379999999998,-106.85136999999999,16.78574,1054.0,4.2701,4.2454,32894.0,3.293832,0.0736,0.0177,99.56,0.00040246,0.0,0.5568,0.5651,0.0584,0.12,4.6316,0.0,0.0104,0.0,0.5576,0.5653,34.5594,34.6366,27.416,27.4801,12.782,12.561,3.965,3.8960000000000004,False
1064.013,2019-10-06 22:48:57,32826.0,1367.71,-106.85136000000001,16.78574,1055.0,4.2681,4.2433,32893.0,3.293704,0.0809,0.0175,99.5648,0.0010254,0.0,0.5568,0.5658,0.0591,0.1199,4.6318,0.0,0.0132,0.0,0.558,0.5651,34.5596,34.6368,27.4165,27.4804,12.761,12.837,3.958,3.9810000000000003,False
1065.024,2019-10-06 22:48:57,32848.0,1368.641,-106.85136000000001,16.78574,1056.0,4.2638,4.2388,32890.0,3.293385,0.0754,0.0178,99.5569,0.0038485,0.0,0.557,0.5672,0.0585,0.1201,4.6314,0.0,0.0252,0.0,0.558,0.5666,34.5596,34.6372,27.4169,27.4813,12.525,13.720999999999998,3.884,4.255,False
1066.036,2019-10-06 22:48:57,32871.0,1369.579,-106.85136000000001,16.78574,1057.0,4.2573,4.2323,32884.0,3.292872,0.0639,0.0172,99.5705,0.00030332,0.0,0.5575,0.5654,0.0574,0.1202,4.632,0.0,0.01,0.0,0.558,0.5675,34.5588,34.6375,27.417,27.4821,12.665,13.18,3.927,4.087,False
1067.046,2019-10-06 22:48:57,32897.0,1370.681,-106.85136000000001,16.78574,1058.0,4.2527,4.2279,32880.0,3.292506,0.0639,0.0178,99.5563,0.0010019999999999999,0.0,0.5578,0.5652,0.0574,0.1199,4.6314,0.0,0.013,0.0,0.5584,0.5667,34.5591,34.6373,27.4177,27.4825,13.245,12.342,4.106,3.826,False
1068.058,2019-10-06 22:48:57,32934.0,1372.1960000000001,-106.85136000000001,16.78574,1059.0,4.249,4.2243,32877.0,3.2922239999999996,0.0639,0.0178,99.5564,3.7039e-05,0.0,0.558,0.5663,0.0574,0.1199,4.6314,0.0,0.0087,0.0,0.5591,0.5676,34.5591,34.6372,27.4181,27.4828,12.955,13.413,4.016,4.158,False
1069.069,2019-10-06 22:48:57,32972.0,1373.807,-106.85136000000001,16.78574,1060.0,4.246,4.2213,32875.0,3.292004,0.0639,0.0176,99.5619,0.00031913,0.0,0.5582,0.5675,0.0574,0.1198,4.6316,0.0,0.01,0.0,0.5592,0.5673,34.559,34.6373,27.4184,27.4832,12.811,12.719000000000001,3.971,3.943,False
1070.08,2019-10-06 22:48:57,32999.0,1374.9029999999998,-106.85136000000001,16.78574,1061.0,4.2441,4.2194,32875.0,3.2918830000000003,0.0639,0.0178,99.5569,0.00046751,0.0,0.5589,0.5669,0.0574,0.12,4.6314,0.0,0.0106,0.0,0.5592,0.5679,34.5599,34.6373,27.4193,27.4834,13.147,13.537,4.075,4.196000000000001,False
1071.0910000000001,2019-10-06 22:48:57,33019.0,1375.736,-106.85136000000001,16.78574,1062.0,4.2415,4.2168,32872.0,3.291719,0.0639,0.0174,99.5654,0.0007403,0.0,0.5591,0.5674,0.0574,0.1198,4.6318,0.0,0.0119,0.0,0.5597,0.5685,34.5594,34.6377,27.4192,27.484,13.401,13.380999999999998,4.154,4.147,False
1072.1019999999999,2019-10-06 22:48:57,33036.0,1376.474,-106.85136000000001,16.78574,1063.0,4.2389,4.2142,32870.0,3.2915370000000004,0.0639,0.0175,99.5644,0.00018226,0.0,0.5592,0.568,0.0574,0.1201,4.6318,0.0,0.0094,0.0,0.5601,0.5684,34.5595,34.6377,27.4195,27.4843,13.325999999999999,13.296,4.13,4.121,False
1073.113,2019-10-06 22:48:57,33053.0,1377.1860000000001,-106.85136000000001,16.78574,1064.0,4.2377,4.2131,32870.0,3.2914830000000004,0.0639,0.0175,99.5647,0.00064448,0.0,0.5592,0.5677,0.0574,0.12,4.6318,0.0,0.0114,0.0,0.5603,0.5689,34.5597,34.6377,27.4198,27.4844,13.349,13.512,4.137,4.187,False
1074.125,2019-10-06 22:48:57,33071.0,1377.9170000000001,-106.85136000000001,16.78574,1065.0,4.2361,4.2115,32870.0,3.291384,0.0639,0.0178,99.5562,0.00047135,0.0,0.5592,0.5673,0.0574,0.1201,4.6314,0.0,0.0108,0.0,0.5604,0.5691,34.5604,34.6377,27.4206,27.4846,13.152999999999999,13.623,4.0760000000000005,4.2219999999999995,False
1075.136,2019-10-06 22:48:57,33090.0,1378.721,-106.85136000000001,16.78574,1066.0,4.2356,4.211,32870.0,3.2913639999999997,0.0639,0.0179,99.5546,6.1035e-05,0.0,0.5595,0.5683,0.0574,0.1202,4.6313,0.0,0.0088,0.0,0.5604,0.5694,34.5608,34.6375,27.421,27.4845,13.047,13.514000000000001,4.043,4.188,False
1076.147,2019-10-06 22:48:57,33113.0,1379.6670000000001,-106.85136000000001,16.78574,1067.0,4.2353,4.2107,32870.0,3.291378,0.0639,0.0179,99.5545,0.00077431,0.0,0.5599,0.5684,0.0574,0.1198,4.6313,0.0,0.0119,0.0,0.5604,0.5694,34.5607,34.6374,27.4209,27.4845,13.045,13.118,4.043,4.065,False
1077.1580000000001,2019-10-06 22:48:57,33150.0,1381.2,-106.85136000000001,16.78574,1068.0,4.2337,4.2094,32869.0,3.2913050000000004,0.0639,0.0185,99.5395,0.00087463,0.0,0.5603,0.5691,0.0574,0.1197,4.6306,0.0,0.0125,0.0,0.5604,0.5695,34.5607,34.6375,27.4211,27.4847,13.061,13.517999999999999,4.047,4.189,False
1078.1689999999999,2019-10-06 22:48:57,33206.0,1383.526,-106.85136000000001,16.78574,1069.0,4.2312,4.2068,32867.0,3.291136,0.0755,0.017,99.5749,0.0020521999999999997,0.0,0.5604,0.5693,0.0585,0.1198,4.6322,0.0,0.0175,0.0,0.5608,0.5699,34.5605,34.6377,27.4212,27.4851,13.561,13.637,4.202,4.225,False
1079.18,2019-10-06 22:48:57,33236.0,1384.787,-106.85136000000001,16.78574,1070.0,4.2286,4.2043,32866.0,3.290972,0.0636,0.017,99.5757,0.0019548,0.0,0.5604,0.57,0.0574,0.1198,4.6323,0.0,0.0171,0.0,0.5611,0.5706,34.5609,34.6378,27.4217,27.4855,13.503,14.043,4.184,4.351,False
1080.191,2019-10-06 22:48:57,33257.0,1385.649,-106.85136000000001,16.78574,1071.0,4.2263,4.2016,32864.0,3.290796,0.0639,0.0175,99.5647,0.0014448,0.0,0.5604,0.5693,0.0574,0.1198,4.6318,0.0,0.015,0.0,0.5616,0.5714,34.5607,34.6382,27.4219,27.4861,13.672,13.002,4.236000000000001,4.0280000000000005,False
1081.203,2019-10-06 22:48:57,33274.0,1386.3570000000002,-106.85136000000001,16.78574,1072.0,4.2259,4.2009,32864.0,3.290781,0.0639,0.0179,99.5545,0.0062033,0.0,0.5604,0.5707,0.0574,0.1199,4.6313,0.0,0.0349,0.0,0.5616,0.5693,34.5607,34.6381,27.4219,27.4861,13.394,12.622,4.15,3.911,False
1082.214,2019-10-06 22:48:57,33289.0,1386.991,-106.85136000000001,16.78574,1073.0,4.2232,4.1984,32862.0,3.2906199999999997,0.0639,0.0175,99.5641,0.0058127,0.0,0.5608,0.5694,0.0574,0.1197,4.6317,0.0,0.0332,0.0,0.5617,0.57,34.5608,34.6384,27.4222,27.4866,13.446,13.877,4.166,4.2989999999999995,False
1083.225,2019-10-06 22:48:57,33304.0,1387.608,-106.85136000000001,16.78574,1074.0,4.2202,4.1953,32860.0,3.2904089999999995,0.0639,0.017,99.5759,0.0069831,0.0,0.5613,0.5703,0.0574,0.1199,4.6323,0.0,0.0384,0.0,0.5618,0.5694,34.561,34.6386,27.4228,27.4871,13.555,14.069,4.199,4.3580000000000005,False
1084.236,2019-10-06 22:48:57,33319.0,1388.27,-106.85136000000001,16.78574,1075.0,4.2174,4.1927,32858.0,3.2902080000000002,0.0639,0.0179,99.5545,0.0017364999999999998,0.0,0.5611,0.5703,0.0574,0.1198,4.6313,0.0,0.0164,0.0,0.5618,0.5716,34.5611,34.6385,27.4232,27.4873,13.724,14.174000000000001,4.251,4.39,False
1085.247,2019-10-06 22:48:57,33338.0,1389.0539999999999,-106.85136000000001,16.78574,1076.0,4.2153,4.1907,32857.0,3.290063,0.0639,0.0179,99.5545,0.0024238000000000003,0.0,0.5615,0.5711,0.0574,0.1198,4.6313,0.0,0.0192,0.0,0.5624,0.5704,34.5612,34.6384,27.4235,27.4874,14.005999999999998,13.515999999999998,4.3389999999999995,4.187,False
1086.259,2019-10-06 22:48:57,33366.0,1390.225,-106.85135,16.78574,1077.0,4.2138,4.1893,32856.0,3.2899599999999998,0.0639,0.0173,99.5693,0.0030552,0.0,0.5617,0.5696,0.0574,0.1197,4.632,0.0,0.0219,0.0,0.5627,0.5708,34.5612,34.6381,27.4236,27.4874,13.769,13.97,4.265,4.327,False
1087.27,2019-10-06 22:48:57,33411.0,1392.095,-106.85134,16.78574,1078.0,4.2106,4.1861,32853.0,3.2897309999999997,0.0716,0.0175,99.5646,0.0025036999999999998,0.0,0.5621,0.5707,0.0582,0.1199,4.6318,0.0,0.0194,0.0,0.5629,0.5718,34.5613,34.6383,27.424,27.4878,13.62,13.9,4.218999999999999,4.305,False
1088.281,2019-10-06 22:48:57,33452.0,1393.8120000000001,-106.85134,16.785729999999997,1079.0,4.208,4.1835,32851.0,3.289542,0.0554,0.0177,99.5587,0.00087396,0.0,0.5627,0.5708,0.0565,0.1198,4.6315,0.0,0.0125,0.0,0.5629,0.5716,34.5611,34.6382,27.4242,27.4881,13.610999999999999,13.992,4.215,4.333,False
1089.292,2019-10-06 22:48:57,33483.0,1395.09,-106.85134,16.78572,1080.0,4.2076,4.1828,32851.0,3.2895339999999997,0.0641,0.018,99.5513,0.0026103000000000003,0.0,0.5629,0.5721,0.0574,0.12,4.6311,0.0,0.02,0.0,0.5629,0.5718,34.5611,34.6383,27.4242,27.4882,13.796,14.193,4.273,4.395,False
1090.3039999999999,2019-10-06 22:48:57,33507.0,1396.0810000000001,-106.85134,16.78572,1081.0,4.2068,4.182,32851.0,3.289528,0.0639,0.0194,99.5169,0.0029837,0.0,0.5629,0.5713,0.0574,0.1197,4.6295,0.0,0.0214,0.0,0.5635,0.5728,34.5613,34.6387,27.4244,27.4886,14.448,14.19,4.475,4.394,False
1091.315,2019-10-06 22:48:57,33528.0,1396.955,-106.85134,16.78572,1082.0,4.2026,4.1778,32848.0,3.289224,0.0639,0.017,99.5768,0.00092953,0.0,0.5629,0.5715,0.0574,0.1198,4.6323,0.0,0.0126,0.0,0.5639,0.5719,34.5615,34.639,27.425,27.4893,14.109000000000002,13.923,4.369,4.311,False
1092.326,2019-10-06 22:48:57,33548.0,1397.775,-106.85134,16.78572,1083.0,4.1985,4.1737,32845.0,3.288929,0.0784,0.0169,99.5794,0.00036736,0.0,0.5629,0.5719,0.0588,0.1198,4.6324,0.0,0.0102,0.0,0.564,0.5727,34.5619,34.6393,27.4258,27.49,13.929,14.392999999999999,4.313,4.456,False
1093.337,2019-10-06 22:48:57,33567.0,1398.5729999999999,-106.85134,16.78572,1084.0,4.1937,4.169,32841.0,3.288558,0.0736,0.0172,99.5712,0.0013044999999999999,0.0,0.563,0.5716,0.0584,0.1198,4.6321,0.0,0.0144,0.0,0.5641,0.5727,34.5608,34.6393,27.4255,27.4905,13.914000000000001,14.149000000000001,4.308,4.38,False
1094.348,2019-10-06 22:48:57,33587.0,1399.4089999999999,-106.85134,16.78572,1085.0,4.1908,4.1661,32838.0,3.2883269999999998,0.0674,0.0176,99.5609,0.00086111,0.0,0.5632,0.5725,0.0577,0.1198,4.6316,0.0,0.0124,0.0,0.5641,0.5729,34.5607,34.6391,27.4257,27.4907,14.179,14.384,4.388999999999999,4.453,False
1095.36,2019-10-06 22:48:57,33609.0,1400.3220000000001,-106.85134,16.78572,1086.0,4.1888,4.1642,32837.0,3.288188,0.0818,0.0168,99.581,0.0018113,0.0,0.5639,0.5721,0.0592,0.1198,4.6325,0.0,0.0166,0.0,0.5647,0.5735,34.5609,34.6389,27.4261,27.4907,14.459000000000001,14.725999999999999,4.476,4.558,False
1096.371,2019-10-06 22:48:57,33633.0,1401.3470000000002,-106.85134,16.78572,1087.0,4.1868,4.1622,32836.0,3.288075,0.0637,0.0172,99.5709,0.0028472,0.0,0.564,0.5727,0.0574,0.1197,4.632,0.0,0.021,0.0,0.565,0.575,34.5618,34.6392,27.427,27.4912,14.534,15.092,4.499,4.671,False
1097.382,2019-10-06 22:48:57,33658.0,1402.395,-106.85134,16.78572,1088.0,4.1812,4.1564,32831.0,3.2876540000000003,0.0639,0.0178,99.5578,0.0014737,0.0,0.5641,0.5726,0.0574,0.1198,4.6315,0.0,0.015,0.0,0.5654,0.5726,34.5611,34.6398,27.427,27.4923,14.317,13.093,4.431,4.052,False
1098.394,2019-10-06 22:48:57,33683.0,1403.3970000000002,-106.85134,16.78572,1089.0,4.1768,4.1522,32828.0,3.287293,0.0639,0.0168,99.5797,0.0028883000000000003,0.0,0.5644,0.5729,0.0574,0.1199,4.6325,0.0,0.0209,0.0,0.5655,0.5737,34.5615,34.6395,27.4278,27.4924,14.592,15.638,4.516,4.8389999999999995,False
1099.405,2019-10-06 22:48:57,33707.0,1404.401,-106.85134,16.78574,1090.0,4.1753,4.1508,32827.0,3.287201,0.0639,0.017,99.5766,0.004469399999999999,0.0,0.5647,0.5734,0.0574,0.12,4.6323,0.0,0.0279,0.0,0.5663,0.5752,34.5612,34.6394,27.4278,27.4925,14.937999999999999,14.327,4.622,4.433,False
1100.4160000000002,2019-10-06 22:48:57,33732.0,1405.476,-106.85134,16.785729999999997,1091.0,4.1737,4.1491,32826.0,3.2871040000000002,0.0639,0.0172,99.5702,0.004192100000000001,0.0,0.5652,0.5746,0.0574,0.1197,4.632,0.0,0.0267,0.0,0.5665,0.5742,34.5613,34.6395,27.428,27.4928,14.495999999999999,14.519,4.486000000000001,4.493,False
1101.427,2019-10-06 22:48:57,33763.0,1406.739,-106.85134,16.78572,1092.0,4.1714,4.1468,32826.0,3.286951,0.0639,0.0177,99.5602,0.0018194000000000003,0.0,0.5654,0.5734,0.0574,0.1198,4.6316,0.0,0.0166,0.0,0.5666,0.5748,34.5625,34.6396,27.4292,27.4931,14.48,14.95,4.481,4.626,False
1102.4389999999999,2019-10-06 22:48:57,33802.0,1408.375,-106.85134,16.78572,1093.0,4.1677,4.1431,32823.0,3.2866720000000003,0.0639,0.0178,99.5571,0.0013043,0.0,0.5663,0.5747,0.0574,0.1199,4.6314,0.0,0.0143,0.0,0.5669,0.5753,34.5626,34.6396,27.4297,27.4935,14.862,14.805,4.599,4.58,False
1103.45,2019-10-06 22:48:57,33839.0,1409.912,-106.85134,16.78572,1094.0,4.1655,4.1408,32821.0,3.286516,0.0639,0.0176,99.5617,0.0021898000000000004,0.0,0.5665,0.5747,0.0574,0.1201,4.6316,0.0,0.0182,0.0,0.5675,0.5757,34.5627,34.6397,27.43,27.4938,14.969000000000001,15.001,4.631,4.641,False
1104.461,2019-10-06 22:48:57,33865.0,1411.019,-106.85134,16.78572,1095.0,4.1616,4.1369,32818.0,3.2862480000000005,0.0639,0.0179,99.5542,0.00044949,0.0,0.5666,0.5753,0.0574,0.1199,4.6313,0.0,0.0106,0.0,0.5678,0.576,34.5629,34.6401,27.4306,27.4946,14.713,14.912,4.552,4.613,False
1105.473,2019-10-06 22:48:57,33886.0,1411.859,-106.85134,16.78572,1096.0,4.159,4.1343,32817.0,3.286063,0.0639,0.0174,99.5654,0.0018782,0.0,0.5666,0.575,0.0574,0.1197,4.6318,0.0,0.0166,0.0,0.5678,0.5761,34.5629,34.6401,27.4309,27.4949,14.706,15.205,4.5489999999999995,4.703,False
1106.484,2019-10-06 22:48:57,33902.0,1412.558,-106.85134,16.78572,1097.0,4.1558,4.1309,32813.0,3.2858419999999997,0.0639,0.0179,99.5546,0.0019212,0.0,0.5673,0.5756,0.0574,0.12,4.6313,0.0,0.0169,0.0,0.5678,0.5762,34.5618,34.6406,27.4303,27.4956,15.061,15.532,4.659,4.803999999999999,False
1107.495,2019-10-06 22:48:57,33918.0,1413.203,-106.85134,16.78572,1098.0,4.1492,4.1242,32808.0,3.285339,0.0647,0.0173,99.5697,0.0010213,0.0,0.5674,0.5754,0.0575,0.1199,4.632,0.0,0.0133,0.0,0.5684,0.5776,34.5624,34.6412,27.4315,27.4968,15.445,15.44,4.777,4.775,False
1108.507,2019-10-06 22:48:57,33933.0,1413.8339999999998,-106.85134,16.78572,1099.0,4.1436,4.1187,32804.0,3.2848839999999995,0.0826,0.0169,99.5773,0.0016434000000000002,0.0,0.5677,0.5758,0.0592,0.1199,4.6323,0.0,0.0158,0.0,0.5685,0.5766,34.5626,34.6411,27.4323,27.4973,15.398,14.852,4.761,4.592,False
1109.518,2019-10-06 22:48:57,33949.0,1414.511,-106.85134,16.78572,1100.0,4.1408,4.1162,32802.0,3.284665,0.0723,0.0168,99.5809,0.0019126999999999998,0.0,0.5678,0.576,0.0582,0.1197,4.6325,0.0,0.017,0.0,0.569,0.5773,34.5626,34.6407,27.4325,27.4972,15.225,15.312000000000001,4.708,4.734,False
1110.529,2019-10-06 22:48:57,33968.0,1415.307,-106.85134,16.78572,1101.0,4.1399,4.1152,32802.0,3.284612,0.0642,0.0169,99.5786,0.0026355000000000003,0.0,0.5678,0.576,0.0574,0.1202,4.6324,0.0,0.0201,0.0,0.569,0.5771,34.5627,34.6405,27.4327,27.4972,15.037,15.373,4.65,4.753,False
1111.5410000000002,2019-10-06 22:48:57,34011.0,1417.0770000000002,-106.85134,16.785729999999997,1102.0,4.1395,4.1152,32802.0,3.284611,0.0699,0.0175,99.5644,0.0027741,0.0,0.5685,0.5768,0.058,0.1204,4.6318,0.0,0.0206,0.0,0.5697,0.578,34.5626,34.64,27.4327,27.4968,15.437000000000001,15.478,4.773,4.785,False
1112.552,2019-10-06 22:48:57,34074.0,1419.6989999999998,-106.85134,16.78572,1103.0,4.139,4.1143,32802.0,3.2846230000000003,0.0635,0.018,99.5508,0.0029006,0.0,0.5692,0.5777,0.0574,0.1199,4.6311,0.0,0.0213,0.0,0.5703,0.5785,34.5634,34.6406,27.4334,27.4974,15.209000000000001,15.572000000000001,4.703,4.814,False
1113.563,2019-10-06 22:48:57,34098.0,1420.727,-106.85134,16.78572,1104.0,4.136,4.1114,32800.0,3.284415,0.0639,0.0169,99.5796,0.0035963,0.0,0.5699,0.578,0.0574,0.12,4.6324,0.0,0.0241,0.0,0.5703,0.5786,34.5635,34.6407,27.4338,27.4978,15.212,15.534,4.703,4.802,False
1114.5739999999998,2019-10-06 22:48:57,34119.0,1421.567,-106.85134,16.78572,1105.0,4.1325,4.1077,32797.0,3.284186,0.0639,0.0174,99.5661,0.0011951,0.0,0.5699,0.5784,0.0574,0.1201,4.6318,0.0,0.0138,0.0,0.5704,0.579,34.5635,34.6413,27.4342,27.4986,15.525,15.697000000000001,4.8,4.852,False
1115.586,2019-10-06 22:48:57,34136.0,1422.2879999999998,-106.85134,16.78572,1106.0,4.1223,4.097,32789.0,3.283386,0.0639,0.0174,99.5669,0.0024687,0.0,0.5701,0.578,0.0574,0.1219,4.6319,0.0,0.0191,0.0,0.5707,0.579,34.5631,34.6426,27.4349,27.5007,16.147000000000002,15.72,4.9910000000000005,4.8580000000000005,False
1116.597,2019-10-06 22:48:57,34152.0,1422.971,-106.85134,16.78572,1107.0,4.1129,4.0881,32781.0,3.282594,0.0639,0.0169,99.5775,0.0010000999999999999,0.0,0.5702,0.5785,0.0574,0.1212,4.6323,0.0,0.013,0.0,0.5715,0.5793,34.5637,34.6422,27.4364,27.5013,16.114,15.937999999999999,4.979,4.925,False
1117.609,2019-10-06 22:48:57,34169.0,1423.652,-106.85134,16.78572,1108.0,4.1079,4.083,32777.0,3.282201,0.0639,0.0168,99.5807,0.0041319,0.0,0.5702,0.5786,0.0574,0.1201,4.6325,0.0,0.0264,0.0,0.5715,0.5796,34.5638,34.6423,27.437,27.502,16.0,16.008,4.9430000000000005,4.946000000000001,False
1118.62,2019-10-06 22:48:57,34186.0,1424.378,-106.85134,16.78572,1109.0,4.1019,4.0772,32773.0,3.2817230000000004,0.0639,0.0175,99.5637,0.0062805,0.0,0.5702,0.5785,0.0574,0.1198,4.6317,0.0,0.0351,0.0,0.5722,0.5799,34.5642,34.6423,27.4379,27.5026,16.504,16.118,5.098,4.979,False
1119.631,2019-10-06 22:48:57,34205.0,1425.1860000000001,-106.85134,16.78572,1110.0,4.0995,4.0749,32771.0,3.281538,0.0639,0.0169,99.5781,0.0035923,0.0,0.5703,0.579,0.0574,0.1199,4.6324,0.0,0.024,0.0,0.5727,0.5805,34.564,34.6419,27.438,27.5026,16.06,16.359,4.961,5.053,False
1120.643,2019-10-06 22:48:57,34230.0,1426.19,-106.85134,16.78572,1111.0,4.098,4.0734,32770.0,3.281432,0.0639,0.0178,99.5574,0.00014549,0.0,0.5711,0.579,0.0574,0.12,4.6314,0.0,0.0093,0.0,0.5727,0.5811,34.5638,34.6417,27.438,27.5026,16.006,16.396,4.944,5.064,False
1121.654,2019-10-06 22:48:57,34261.0,1427.52,-106.85134,16.78572,1112.0,4.0956,4.071,32768.0,3.28126,0.0639,0.0169,99.5781,0.00082557,0.0,0.5717,0.5797,0.0574,0.1198,4.6324,0.0,0.0122,0.0,0.5736,0.5815,34.5639,34.6418,27.4384,27.5028,16.514,16.392,5.101,5.063,False
1122.665,2019-10-06 22:48:57,34296.0,1428.9620000000002,-106.85134,16.78572,1113.0,4.0936,4.0691,32767.0,3.2811519999999996,0.0639,0.0175,99.5648,0.002218,0.0,0.5726,0.5805,0.0574,0.1198,4.6318,0.0,0.0182,0.0,0.574,0.5822,34.564,34.642,27.4386,27.5032,16.095,16.535,4.971,5.107,False
1123.677,2019-10-06 22:48:57,34330.0,1430.37,-106.85134,16.78572,1114.0,4.0914,4.067,32765.0,3.280996,0.0639,0.0176,99.562,0.0036194,0.0,0.573,0.5813,0.0574,0.1198,4.6316,0.0,0.0243,0.0,0.574,0.5826,34.5639,34.6418,27.4388,27.5033,16.113,16.512,4.977,5.099,False
1124.688,2019-10-06 22:48:57,34363.0,1431.7520000000002,-106.85134,16.78572,1115.0,4.0908,4.0663,32766.0,3.280991,0.0639,0.0178,99.5571,0.006172100000000001,0.0,0.5738,0.5819,0.0574,0.1198,4.6314,0.0,0.0348,0.0,0.5744,0.5829,34.5645,34.642,27.4393,27.5035,16.668,16.423,5.148,5.072,False
1125.7,2019-10-06 22:48:57,34391.0,1432.9270000000001,-106.85134,16.78572,1116.0,4.0875,4.063,32763.0,3.2807730000000004,0.0639,0.0169,99.5786,0.0043328,0.0,0.5739,0.5823,0.0574,0.1198,4.6324,0.0,0.0272,0.0,0.5752,0.5831,34.5647,34.6423,27.4398,27.5041,16.59,16.798,5.122999999999999,5.187,False
1126.711,2019-10-06 22:48:57,34414.0,1433.872,-106.85134,16.78572,1117.0,4.0855,4.061,32762.0,3.28065,0.0639,0.017,99.576,0.0035365,0.0,0.5739,0.5825,0.0574,0.1199,4.6323,0.0,0.024,0.0,0.5751,0.5836,34.5651,34.6425,27.4404,27.5045,16.238,16.687,5.013999999999999,5.153,False
1127.723,2019-10-06 22:48:57,34434.0,1434.6879999999999,-106.85134,16.78572,1118.0,4.082,4.0571,32759.0,3.280382,0.0639,0.0178,99.5559,0.0039825,0.0,0.574,0.5827,0.0574,0.1198,4.6314,0.0,0.0259,0.0,0.5751,0.5835,34.5644,34.6429,27.4402,27.5052,16.291,16.587,5.03,5.121,False
1128.734,2019-10-06 22:48:57,34452.0,1435.471,-106.85134,16.78572,1119.0,4.0799,4.0554,32758.0,3.28024,0.0639,0.0169,99.578,0.0051006,0.0,0.5744,0.5828,0.0574,0.1198,4.6324,0.0,0.0304,0.0,0.5752,0.5836,34.5645,34.6425,27.4405,27.5051,16.38,16.708,5.0569999999999995,5.1579999999999995,False
1129.745,2019-10-06 22:48:57,34473.0,1436.3220000000001,-106.85134,16.78572,1120.0,4.0789,4.054,32758.0,3.280161,0.0639,0.017,99.5758,0.010320000000000001,0.0,0.575,0.5829,0.0574,0.1198,4.6323,0.0,0.0518,0.0,0.5754,0.584,34.5654,34.6425,27.4413,27.5053,16.522000000000002,17.082,5.101,5.274,False
1130.757,2019-10-06 22:48:57,34499.0,1437.43,-106.85134,16.78572,1121.0,4.0765,4.0516,32756.0,3.279993,0.0639,0.0172,99.5712,0.0056367,0.0,0.575,0.5833,0.0574,0.1216,4.6321,0.0,0.0326,0.0,0.5755,0.5844,34.5655,34.6426,27.4416,27.5056,16.703,16.704,5.157,5.157,False
1131.768,2019-10-06 22:48:57,34531.0,1438.769,-106.85134,16.78572,1122.0,4.0749,4.0506,32756.0,3.279943,0.0639,0.0173,99.5697,0.006443899999999999,0.0,0.5751,0.5835,0.0574,0.1196,4.632,0.0,0.036,0.0,0.5763,0.5845,34.5656,34.6425,27.4419,27.5056,16.887999999999998,17.067999999999998,5.2139999999999995,5.269,False
1132.78,2019-10-06 22:48:57,34556.0,1439.81,-106.85134,16.78572,1123.0,4.0726,4.0483,32754.0,3.279805,0.0639,0.0168,99.581,0.0051853,0.0,0.5753,0.5837,0.0574,0.1197,4.6325,0.0,0.0305,0.0,0.5763,0.5848,34.5658,34.6428,27.4423,27.5061,16.576,16.847,5.117,5.2010000000000005,False
1133.7910000000002,2019-10-06 22:48:57,34576.0,1440.629,-106.85134,16.78572,1124.0,4.0726,4.0479,32754.0,3.2797980000000004,0.0639,0.0168,99.5808,0.0028284000000000004,0.0,0.5754,0.5845,0.0574,0.1197,4.6325,0.0,0.0208,0.0,0.5764,0.5848,34.5655,34.6426,27.4421,27.506,16.632,16.945999999999998,5.1339999999999995,5.231,False
1134.802,2019-10-06 22:48:57,34594.0,1441.3629999999998,-106.85134,16.78572,1125.0,4.0724,4.048,32755.0,3.2798529999999997,0.0639,0.0169,99.578,0.0094068,0.0,0.5756,0.5838,0.0574,0.1197,4.6324,0.0,0.0481,0.0,0.5765,0.585,34.5658,34.6427,27.4423,27.5061,16.561,16.965999999999998,5.112,5.237,False
1135.8139999999999,2019-10-06 22:48:57,34611.0,1442.0720000000001,-106.85134,16.78572,1126.0,4.0714,4.0465,32754.0,3.2797970000000003,0.0639,0.0175,99.5634,0.0030426999999999997,0.0,0.5761,0.5844,0.0574,0.1207,4.6317,0.0,0.0219,0.0,0.5764,0.5851,34.5659,34.6431,27.4425,27.5066,16.532,16.971,5.103,5.239,False
1136.825,2019-10-06 22:48:57,34629.0,1442.842,-106.85134,16.78574,1127.0,4.0644,4.0393,32748.0,3.279262,0.0639,0.0176,99.5618,0.0070538,0.0,0.5762,0.5847,0.0574,0.1219,4.6316,0.0,0.0385,0.0,0.5765,0.5851,34.5656,34.6438,27.4431,27.5079,17.346,17.035,5.354,5.257999999999999,False
1137.837,2019-10-06 22:48:57,34653.0,1443.829,-106.85134,16.78574,1128.0,4.059,4.0342,32743.0,3.2788169999999996,0.0639,0.0173,99.5681,0.0018488,0.0,0.5763,0.5847,0.0574,0.1201,4.6319,0.0,0.0168,0.0,0.5775,0.5854,34.565,34.6433,27.4431,27.508,17.373,17.271,5.361000000000001,5.33,False
1138.848,2019-10-06 22:48:57,34712.0,1446.293,-106.85134,16.78574,1129.0,4.0595,4.0331,32745.0,3.278708,0.0714,0.0168,99.5814,0.0040725,0.0,0.5767,0.585,0.0581,0.1197,4.6325,0.0,0.026,0.0,0.5777,0.5863,34.5657,34.6428,27.4437,27.5077,16.769000000000002,17.368,5.175,5.359,False
1139.86,2019-10-06 22:48:57,34760.0,1448.2939999999999,-106.85134,16.78574,1130.0,4.0535,4.0292,32740.0,3.2784470000000003,0.0636,0.0169,99.5791,0.0057982,0.0,0.5775,0.5858,0.0574,0.1198,4.6324,0.0,0.0332,0.0,0.578,0.5868,34.5663,34.6433,27.4447,27.5085,17.303,17.542,5.3389999999999995,5.412999999999999,False
1140.871,2019-10-06 22:48:57,34785.0,1449.3129999999999,-106.85134,16.78574,1131.0,4.0527,4.0281,32740.0,3.2783830000000003,0.0639,0.0175,99.5642,0.0032633000000000002,0.0,0.5775,0.586,0.0574,0.1199,4.6317,0.0,0.0226,0.0,0.5785,0.5871,34.5662,34.6432,27.4447,27.5085,17.436,17.555999999999997,5.38,5.417000000000001,False
1141.883,2019-10-06 22:48:57,34804.0,1450.112,-106.85134,16.78574,1132.0,4.0519,4.0271,32740.0,3.2783559999999996,0.0639,0.0174,99.5662,0.009173899999999999,0.0,0.5775,0.5865,0.0574,0.1198,4.6318,0.0,0.0473,0.0,0.5787,0.5872,34.5662,34.6434,27.4449,27.5088,17.301,17.538,5.337999999999999,5.4110000000000005,False
1142.894,2019-10-06 22:48:57,34820.0,1450.8110000000001,-106.85134,16.78574,1133.0,4.0486,4.0237,32737.0,3.2781510000000003,0.0639,0.0171,99.5726,0.0060655,0.0,0.5775,0.5861,0.0574,0.12,4.6321,0.0,0.0347,0.0,0.5789,0.5876,34.5663,34.644,27.4453,27.5096,17.162,17.637,5.295,5.441,False
1143.906,2019-10-06 22:48:57,34836.0,1451.473,-106.85134,16.78574,1134.0,4.0437,4.019,32733.0,3.277796,0.0639,0.0179,99.5547,0.007728699999999999,0.0,0.5777,0.5868,0.0574,0.12,4.6313,0.0,0.0415,0.0,0.5788,0.5876,34.5661,34.6442,27.4456,27.5103,17.094,17.544,5.273,5.412000000000001,False
1144.917,2019-10-06 22:48:57,34852.0,1452.144,-106.85134,16.78574,1135.0,4.0411,4.0165,32731.0,3.277591,0.0639,0.0168,99.5807,0.0054903999999999994,0.0,0.578,0.5867,0.0574,0.1203,4.6325,0.0,0.0321,0.0,0.5789,0.5876,34.5658,34.6439,27.4457,27.5103,17.423,17.676,5.375,5.452000000000001,False
1145.9289999999999,2019-10-06 22:48:57,34869.0,1452.839,-106.85134,16.78574,1136.0,4.0393,4.0146,32730.0,3.277479,0.0639,0.0173,99.5679,0.0036823999999999997,0.0,0.5784,0.587,0.0574,0.1211,4.6319,0.0,0.0245,0.0,0.5793,0.588,34.5658,34.644,27.4459,27.5107,17.656,17.768,5.446000000000001,5.48,False
1146.94,2019-10-06 22:48:57,34888.0,1453.634,-106.85134,16.78574,1137.0,4.0358,4.0112,32727.0,3.2772120000000005,0.0639,0.0176,99.5625,0.0033088,0.0,0.5786,0.5871,0.0574,0.1214,4.6317,0.0,0.023,0.0,0.5796,0.5881,34.5657,34.6439,27.4462,27.5109,17.772000000000002,17.864,5.482,5.5089999999999995,False
1147.952,2019-10-06 22:48:57,34913.0,1454.6729999999998,-106.85134,16.78574,1138.0,4.034,4.0096,32726.0,3.277097,0.0639,0.017,99.5764,0.0020215,0.0,0.5788,0.5873,0.0574,0.1199,4.6323,0.0,0.0174,0.0,0.5801,0.5885,34.5658,34.6438,27.4464,27.511,17.578,17.854,5.421,5.506,False
1148.963,2019-10-06 22:48:57,34948.0,1456.136,-106.85134,16.78574,1139.0,4.032,4.0075,32726.0,3.276963,0.0639,0.0169,99.578,0.0023503,0.0,0.579,0.5876,0.0574,0.1199,4.6324,0.0,0.0189,0.0,0.5801,0.5889,34.567,34.6439,27.4476,27.5113,17.34,17.984,5.348,5.546,False
1149.975,2019-10-06 22:48:57,34985.0,1457.6860000000001,-106.85134,16.78574,1140.0,4.0305,4.006,32725.0,3.276869,0.0669,0.0169,99.5787,0.0051681999999999995,0.0,0.5798,0.5882,0.0577,0.1197,4.6324,0.0,0.0307,0.0,0.5802,0.5893,34.5669,34.6439,27.4477,27.5114,17.542,18.005,5.41,5.5520000000000005,False
1150.986,2019-10-06 22:48:57,35023.0,1459.2620000000002,-106.85134,16.78574,1141.0,4.0294,4.005,32724.0,3.276815,0.0718,0.0169,99.5782,0.0046139,0.0,0.58,0.5885,0.0582,0.1198,4.6324,0.0,0.0282,0.0,0.5807,0.5893,34.5668,34.6438,27.4477,27.5115,17.906,17.939,5.522,5.532,False
1151.998,2019-10-06 22:48:57,35061.0,1460.82,-106.85134,16.78574,1142.0,4.0255,4.0008,32722.0,3.276554,0.0639,0.0176,99.5626,0.0010035999999999999,0.0,0.58,0.5889,0.0574,0.1198,4.6317,0.0,0.0129,0.0,0.5812,0.5898,34.5671,34.6446,27.4483,27.5126,17.88,18.172,5.513999999999999,5.603,False
1153.009,2019-10-06 22:48:57,35089.0,1462.019,-106.85134,16.78574,1143.0,4.0156,3.9909,32713.0,3.2757490000000002,0.0639,0.0172,99.5717,0.0026176,0.0,0.5802,0.5892,0.0574,0.1199,4.6321,0.0,0.02,0.0,0.5814,0.59,34.5664,34.6449,27.4488,27.5138,18.098,18.145,5.579,5.593,False
1154.021,2019-10-06 22:48:57,35112.0,1462.9489999999998,-106.85134,16.78574,1144.0,4.0118,3.9872,32710.0,3.275471,0.0639,0.017,99.5752,0.0028058000000000002,0.0,0.5808,0.5892,0.0574,0.12,4.6322,0.0,0.0209,0.0,0.5822,0.5901,34.5666,34.645,27.4494,27.5143,18.52,18.375,5.709,5.664,False
1155.032,2019-10-06 22:48:57,35131.0,1463.739,-106.85134,16.78574,1145.0,4.0098,3.9853,32708.0,3.275309,0.0639,0.0176,99.5616,0.0026536,0.0,0.5809,0.5894,0.0574,0.1218,4.6316,0.0,0.0202,0.0,0.5824,0.5907,34.5664,34.6446,27.4494,27.5142,18.102999999999998,18.628,5.58,5.742000000000001,False
1156.0439999999999,2019-10-06 22:48:57,35148.0,1464.4660000000001,-106.85134,16.78574,1146.0,4.0088,3.9845,32708.0,3.2752950000000003,0.0639,0.0179,99.5542,0.0025111,0.0,0.5811,0.5895,0.0574,0.122,4.6313,0.0,0.0195,0.0,0.5826,0.5909,34.5665,34.6448,27.4496,27.5144,18.039,18.43,5.56,5.681,False
1157.055,2019-10-06 22:48:57,35165.0,1465.148,-106.85132,16.78574,1147.0,4.008,3.9835,32708.0,3.275246,0.0639,0.0178,99.5578,0.0016500999999999998,0.0,0.5812,0.5899,0.0574,0.122,4.6315,0.0,0.0159,0.0,0.5826,0.5911,34.5667,34.6448,27.4499,27.5145,18.004,18.458,5.5489999999999995,5.689,False
1158.067,2019-10-06 22:48:57,35181.0,1465.849,-106.85132,16.78574,1148.0,4.0065,3.9822,32707.0,3.275191,0.0639,0.0178,99.5576,0.0058503999999999995,0.0,0.5813,0.5897,0.0574,0.1221,4.6314,0.0,0.0336,0.0,0.5827,0.5913,34.5668,34.645,27.4501,27.5148,18.012999999999998,18.566,5.5520000000000005,5.722,False
1159.078,2019-10-06 22:48:57,35200.0,1466.636,-106.85132,16.78574,1149.0,4.0056,3.9813,32707.0,3.275127,0.0721,0.0174,99.5663,0.0037119,0.0,0.5822,0.5899,0.0582,0.1209,4.6318,0.0,0.0244,0.0,0.5827,0.5915,34.5674,34.6447,27.4507,27.5147,18.06,18.61,5.566,5.736000000000001,False
1160.09,2019-10-06 22:48:57,35233.0,1468.0179999999998,-106.85132,16.78574,1150.0,4.0051,3.9806,32707.0,3.275098,0.0683,0.0171,99.5725,0.004188600000000001,0.0,0.5823,0.5907,0.0578,0.1205,4.6321,0.0,0.0265,0.0,0.5832,0.5917,34.5676,34.6445,27.4509,27.5146,18.344,18.566,5.654,5.722,False
1161.1019999999999,2019-10-06 22:48:57,35290.0,1470.372,-106.85132,16.78574,1151.0,4.0046,3.9803,32707.0,3.275112,0.0636,0.0182,99.5458,0.0028864999999999997,0.0,0.5826,0.5914,0.0574,0.1204,4.6309,0.0,0.0211,0.0,0.5837,0.5922,34.5677,34.6445,27.4511,27.5146,18.308,18.617,5.643,5.737,False
1162.113,2019-10-06 22:48:57,35322.0,1471.691,-106.85132,16.78574,1152.0,4.0037,3.9794,32707.0,3.275089,0.0639,0.017,99.5758,0.0024598000000000003,0.0,0.5831,0.5915,0.0574,0.1199,4.6323,0.0,0.0191,0.0,0.5838,0.5925,34.5677,34.6447,27.4511,27.5149,18.153,18.73,5.595,5.772,False
1163.125,2019-10-06 22:48:57,35345.0,1472.6779999999999,-106.85132,16.78574,1153.0,4.0031,3.9786,32707.0,3.275069,0.0666,0.0174,99.5654,0.0031739,0.0,0.5833,0.5918,0.0577,0.1198,4.6318,0.0,0.0225,0.0,0.5838,0.5923,34.5677,34.6448,27.4512,27.5151,18.156,18.562,5.596,5.72,False
1164.136,2019-10-06 22:48:57,35365.0,1473.52,-106.85132,16.78574,1154.0,4.0026,3.9781,32707.0,3.275068,0.0822,0.0172,99.572,0.0029795000000000004,0.0,0.5834,0.5919,0.0592,0.1198,4.6321,0.0,0.0214,0.0,0.5838,0.5926,34.5678,34.6448,27.4513,27.5151,18.159000000000002,18.785,5.596,5.789,False
1165.1480000000001,2019-10-06 22:48:57,35385.0,1474.3220000000001,-106.85132,16.78574,1155.0,4.002,3.9776,32707.0,3.275077,0.0674,0.0169,99.5796,0.0011745999999999998,0.0,0.5836,0.5918,0.0577,0.1199,4.6324,0.0,0.0138,0.0,0.5838,0.5926,34.5677,34.6448,27.4514,27.5152,18.160999999999998,18.615,5.597,5.736000000000001,False
1166.16,2019-10-06 22:48:57,35404.0,1475.121,-106.85132,16.78574,1156.0,3.9996,3.975,32705.0,3.274931,0.0639,0.0168,99.5808,0.005612300000000001,0.0,0.5836,0.5924,0.0574,0.1198,4.6325,0.0,0.0322,0.0,0.5838,0.5926,34.5679,34.6453,27.4517,27.5159,18.344,18.605999999999998,5.653,5.733,False
1167.171,2019-10-06 22:48:57,35423.0,1475.925,-106.85132,16.78574,1157.0,3.9893,3.9641,32696.0,3.274121,0.0639,0.0169,99.578,0.0026184,0.0,0.5836,0.5921,0.0574,0.1198,4.6324,0.0,0.02,0.0,0.5841,0.5925,34.5678,34.6467,27.4527,27.5181,19.063,18.919,5.872999999999999,5.827999999999999,False
1168.183,2019-10-06 22:48:57,35443.0,1476.7520000000002,-106.85132,16.78574,1158.0,3.9815,3.9569,32690.0,3.27346,0.0639,0.0175,99.5647,0.0040796,0.0,0.5836,0.5923,0.0574,0.1199,4.6318,0.0,0.0262,0.0,0.5849,0.5933,34.5675,34.6459,27.4533,27.5182,19.252,19.274,5.93,5.936,False
1169.194,2019-10-06 22:48:57,35465.0,1477.652,-106.85132,16.78574,1159.0,3.9761,3.9518,32685.0,3.273063,0.0798,0.0177,99.56,0.0013229000000000001,0.0,0.5836,0.5925,0.059,0.1199,4.6315,0.0,0.0145,0.0,0.5854,0.5937,34.5675,34.6461,27.4538,27.5189,19.294,19.148,5.943,5.897,False
1170.2060000000001,2019-10-06 22:48:57,35492.0,1478.805,-106.85132,16.78574,1160.0,3.9703,3.9463,32681.0,3.272602,0.0687,0.0175,99.5642,0.005289,0.0,0.5836,0.5923,0.0579,0.1213,4.6317,0.0,0.0312,0.0,0.5861,0.594,34.5679,34.6459,27.4548,27.5193,19.081,19.434,5.876,5.984,False
1171.218,2019-10-06 22:48:57,35540.0,1480.786,-106.85132,16.78574,1161.0,3.9647,3.9404,32677.0,3.272122,0.0781,0.0168,99.5797,0.0036347000000000003,0.0,0.5851,0.5932,0.0588,0.1197,4.6324,0.0,0.0243,0.0,0.5867,0.5951,34.5679,34.646,27.4554,27.52,19.395,19.525,5.972,6.0120000000000005,False
1172.229,2019-10-06 22:48:57,35585.0,1482.6760000000002,-106.85132,16.78574,1162.0,3.9613,3.9369,32674.0,3.2718599999999998,0.063,0.017,99.5762,0.0037662,0.0,0.5861,0.594,0.0573,0.1198,4.6323,0.0,0.0244,0.0,0.5876,0.5954,34.568,34.646,27.4558,27.5204,19.048,19.23,5.865,5.92,False
1173.241,2019-10-06 22:48:57,35609.0,1483.674,-106.85132,16.78574,1163.0,3.9597,3.9351,32673.0,3.2717549999999997,0.0639,0.0175,99.5637,0.00031133,0.0,0.5861,0.5946,0.0574,0.1197,4.6317,0.0,0.01,0.0,0.5875,0.5959,34.5681,34.6462,27.456,27.5207,19.154,20.006,5.897,6.159,False
1174.252,2019-10-06 22:48:57,35628.0,1484.477,-106.85132,16.78574,1164.0,3.957,3.9325,32671.0,3.271591,0.0668,0.0172,99.5701,0.0033888000000000004,0.0,0.5865,0.5946,0.0577,0.1198,4.632,0.0,0.0233,0.0,0.5878,0.5965,34.5682,34.6464,27.4564,27.5211,19.42,19.715,5.978,6.069,False
1175.264,2019-10-06 22:48:57,35645.0,1485.18,-106.85132,16.78574,1165.0,3.9559,3.9313,32671.0,3.271522,0.0836,0.0179,99.5546,0.0049916000000000006,0.0,0.5873,0.5956,0.0593,0.1197,4.6313,0.0,0.0296,0.0,0.588,0.5963,34.5684,34.6464,27.4566,27.5212,19.72,19.374000000000002,6.071000000000001,5.9639999999999995,False
1176.276,2019-10-06 22:48:57,35662.0,1485.864,-106.85132,16.78574,1166.0,3.9551,3.9309,32671.0,3.2715229999999997,0.0675,0.0172,99.5712,0.007741199999999999,0.0,0.5873,0.595,0.0578,0.1214,4.6321,0.0,0.0414,0.0,0.5887,0.5962,34.5685,34.6463,27.4568,27.5212,19.682000000000002,19.599,6.059,6.0329999999999995,False
1177.287,2019-10-06 22:48:57,35679.0,1486.5720000000001,-106.85132,16.78574,1167.0,3.9544,3.9299,32671.0,3.271488,0.064,0.017,99.5752,0.003199,0.0,0.5874,0.595,0.0574,0.1216,4.6322,0.0,0.0222,0.0,0.5885,0.5966,34.5695,34.6464,27.4577,27.5214,19.374000000000002,19.895,5.9639999999999995,6.124,False
1178.299,2019-10-06 22:48:57,35699.0,1487.398,-106.85132,16.78574,1168.0,3.9528,3.9286,32670.0,3.271407,0.0639,0.0168,99.5805,0.0036265,0.0,0.5874,0.5958,0.0574,0.1198,4.6325,0.0,0.0243,0.0,0.5888,0.5969,34.5692,34.6463,27.4577,27.5215,19.416,19.889,5.977,6.122000000000001,False
1179.3110000000001,2019-10-06 22:48:57,35731.0,1488.759,-106.85133,16.78574,1169.0,3.9519,3.9276,32670.0,3.271362,0.0639,0.0173,99.5695,0.0031357,0.0,0.588,0.596,0.0574,0.1198,4.632,0.0,0.022,0.0,0.5888,0.5972,34.5694,34.6463,27.4579,27.5216,19.296,19.82,5.94,6.101,False
1180.322,2019-10-06 22:48:57,35779.0,1490.736,-106.85134,16.78574,1170.0,3.9509,3.9266,32669.0,3.271315,0.0676,0.0168,99.5814,0.0018118,0.0,0.5884,0.5966,0.0578,0.1198,4.6325,0.0,0.0165,0.0,0.5889,0.5975,34.5695,34.6463,27.4581,27.5217,19.412,19.808,5.975,6.096,False
1181.3339999999998,2019-10-06 22:48:57,35808.0,1491.971,-106.85134,16.78574,1171.0,3.9501,3.9258,32669.0,3.271296,0.0774,0.0168,99.5808,0.006714699999999999,0.0,0.5885,0.5969,0.0587,0.1197,4.6325,0.0,0.0371,0.0,0.5892,0.5977,34.5694,34.6465,27.4581,27.5219,19.842,19.894000000000002,6.107,6.122999999999999,False
1182.346,2019-10-06 22:48:57,35830.0,1492.8929999999998,-106.85134,16.78574,1172.0,3.9492,3.9247,32669.0,3.271249,0.0639,0.0168,99.5808,0.0021149000000000003,0.0,0.5885,0.597,0.0574,0.1198,4.6325,0.0,0.018,0.0,0.5895,0.5977,34.5697,34.6465,27.4584,27.522,19.559,19.901,6.02,6.125,False
1183.357,2019-10-06 22:48:57,35851.0,1493.751,-106.85134,16.78574,1173.0,3.9484,3.924,32669.0,3.27123,0.0639,0.017,99.5757,0.0036835,0.0,0.5886,0.5973,0.0574,0.1199,4.6323,0.0,0.0244,0.0,0.5896,0.5977,34.5695,34.6465,27.4583,27.5221,19.764,19.971,6.082999999999999,6.146,False
1184.369,2019-10-06 22:48:57,35873.0,1494.6760000000002,-106.85134,16.78574,1174.0,3.948,3.9236,32669.0,3.271239,0.0639,0.0171,99.5735,0.0042411,0.0,0.5886,0.5972,0.0574,0.1217,4.6322,0.0,0.0267,0.0,0.5899,0.5981,34.5696,34.6465,27.4585,27.5222,19.713,20.053,6.067,6.172000000000001,False
1185.381,2019-10-06 22:48:57,35900.0,1495.785,-106.85134,16.78574,1175.0,3.9473,3.9226,32669.0,3.271197,0.0639,0.0168,99.5806,0.0028672,0.0,0.5891,0.5973,0.0574,0.12,4.6325,0.0,0.0211,0.0,0.59,0.5982,34.5697,34.6466,27.4586,27.5224,19.561,19.994,6.02,6.153,False
1186.392,2019-10-06 22:48:57,35934.0,1497.215,-106.85132,16.78574,1176.0,3.9453,3.921,32667.0,3.2711,0.0639,0.0168,99.5808,0.0029666999999999996,0.0,0.5893,0.5977,0.0574,0.1198,4.6325,0.0,0.0215,0.0,0.59,0.5983,34.5694,34.6466,27.4586,27.5225,19.565,20.128,6.021,6.194,False
1187.404,2019-10-06 22:48:57,35968.0,1498.6129999999998,-106.85132,16.78574,1177.0,3.9449,3.9204,32667.0,3.271092,0.0639,0.0168,99.5808,0.0015125,0.0,0.5896,0.5978,0.0574,0.1212,4.6325,0.0,0.0152,0.0,0.59,0.5986,34.5694,34.6466,27.4587,27.5226,19.542,20.019000000000002,6.013999999999999,6.1610000000000005,False
1188.4160000000002,2019-10-06 22:48:57,35993.0,1499.656,-106.85132,16.78574,1178.0,3.944,3.9197,32667.0,3.271072,0.0639,0.0172,99.5723,0.0032105,0.0,0.5896,0.598,0.0574,0.1207,4.6321,0.0,0.0227,0.0,0.59,0.5986,34.5697,34.6466,27.459,27.5227,19.545,20.074,6.015,6.1770000000000005,False
1189.427,2019-10-06 22:48:57,36015.0,1500.568,-106.85132,16.78574,1179.0,3.9437,3.9192,32667.0,3.271082,0.0723,0.017,99.5748,0.003768,0.0,0.5897,0.5979,0.0582,0.1207,4.6322,0.0,0.0247,0.0,0.59,0.5987,34.5695,34.6467,27.4589,27.5228,19.548,20.157,6.016,6.202999999999999,False
1190.4389999999999,2019-10-06 22:48:57,36037.0,1501.5179999999998,-106.85132,16.78574,1180.0,3.9425,3.9181,32667.0,3.271024,0.0756,0.0168,99.5809,0.0010906,0.0,0.5897,0.5984,0.0586,0.1221,4.6325,0.0,0.0134,0.0,0.59,0.5987,34.5699,34.6467,27.4594,27.5229,19.572,19.958,6.023,6.142,False
1191.451,2019-10-06 22:48:57,36061.0,1502.481,-106.85132,16.78574,1181.0,3.9411,3.9166,32666.0,3.270952,0.0674,0.0168,99.5808,0.0008208,0.0,0.5897,0.5982,0.0577,0.1216,4.6325,0.0,0.0123,0.0,0.5902,0.5986,34.5697,34.6469,27.4593,27.5233,19.929000000000002,20.129,6.132999999999999,6.194,False
1192.463,2019-10-06 22:48:57,36083.0,1503.432,-106.85132,16.78574,1182.0,3.9343,3.9092,32660.0,3.2704459999999997,0.0805,0.0169,99.5784,0.005003199999999999,0.0,0.5897,0.5984,0.059,0.1198,4.6324,0.0,0.0301,0.0,0.5905,0.5989,34.5701,34.6482,27.4603,27.525,20.326,20.410999999999998,6.254,6.28,False
1193.474,2019-10-06 22:48:57,36108.0,1504.47,-106.85132,16.78574,1183.0,3.9239,3.8992,32651.0,3.269578,0.064,0.0168,99.5808,0.0010027,0.0,0.5897,0.5985,0.0574,0.1198,4.6325,0.0,0.0131,0.0,0.5912,0.5993,34.5694,34.648,27.4609,27.5259,20.382,20.514,6.27,6.31,False
1194.486,2019-10-06 22:48:57,36142.0,1505.8870000000002,-106.85132,16.78574,1184.0,3.9204,3.896,32648.0,3.2693,0.0639,0.0169,99.5792,0.0015967000000000002,0.0,0.5899,0.5984,0.0574,0.1198,4.6324,0.0,0.0157,0.0,0.5919,0.5998,34.5696,34.6475,27.4614,27.5259,20.489,20.572,6.3020000000000005,6.327000000000001,False
1195.498,2019-10-06 22:48:57,36220.0,1509.144,-106.85132,16.78574,1185.0,3.9201,3.8947,32649.0,3.2692,0.0639,0.0168,99.5808,0.0018868,0.0,0.5915,0.5995,0.0574,0.1207,4.6325,0.0,0.0168,0.0,0.5925,0.601,34.5705,34.6472,27.4621,27.5258,20.092,20.695,6.18,6.365,False
1196.509,2019-10-06 22:48:57,36260.0,1510.8020000000001,-106.85132,16.78574,1186.0,3.9169,3.8927,32647.0,3.269108,0.0799,0.0169,99.5787,0.0030775999999999998,0.0,0.592,0.5999,0.059,0.1202,4.6324,0.0,0.0219,0.0,0.5925,0.6009,34.5705,34.6477,27.4625,27.5264,20.379,20.798000000000002,6.267,6.396,False
1197.521,2019-10-06 22:48:57,36281.0,1511.674,-106.85132,16.78574,1187.0,3.9157,3.8914,32647.0,3.269041,0.0638,0.0169,99.5794,0.00017334,0.0,0.5922,0.6003,0.0574,0.1198,4.6324,0.0,0.0094,0.0,0.593,0.6011,34.5708,34.6478,27.4628,27.5266,20.508000000000003,21.031,6.307,6.468,False
1198.5330000000001,2019-10-06 22:48:57,36300.0,1512.455,-106.85132,16.78574,1188.0,3.9143,3.8898,32646.0,3.268949,0.0639,0.0175,99.5642,0.0013924000000000002,0.0,0.5922,0.6012,0.0574,0.1198,4.6317,0.0,0.0145,0.0,0.5929,0.6017,34.571,34.6478,27.4631,27.5268,20.391,20.793000000000003,6.271,6.394,False
1199.545,2019-10-06 22:48:57,36320.0,1513.31,-106.85132,16.78574,1189.0,3.9134,3.8888,32646.0,3.268895,0.0639,0.0173,99.5688,0.0036138000000000003,0.0,0.5922,0.6003,0.0574,0.12,4.632,0.0,0.024,0.0,0.5932,0.6012,34.5709,34.6477,27.4632,27.5268,20.76,20.586,6.3839999999999995,6.33,False
1200.556,2019-10-06 22:48:57,36351.0,1514.59,-106.85132,16.78574,1190.0,3.9122,3.8881,32645.0,3.268856,0.0636,0.017,99.5767,0.0042539,0.0,0.5924,0.6007,0.0574,0.1199,4.6323,0.0,0.0267,0.0,0.5936,0.6018,34.5707,34.6475,27.4631,27.5267,20.506999999999998,21.079,6.306,6.482,False
1201.568,2019-10-06 22:48:57,36419.0,1517.42,-106.85132,16.78574,1191.0,3.9117,3.8875,32645.0,3.2688450000000002,0.064,0.0168,99.5815,0.0031974,0.0,0.5931,0.6014,0.0574,0.1198,4.6325,0.0,0.0225,0.0,0.5937,0.6022,34.5705,34.6475,27.4631,27.5268,20.369,20.822,6.263999999999999,6.403,False
1202.58,2019-10-06 22:48:57,36460.0,1519.1329999999998,-106.85132,16.78572,1192.0,3.911,3.8865,32644.0,3.268812,0.0639,0.0171,99.573,0.0048738,0.0,0.5934,0.6018,0.0574,0.1198,4.6321,0.0,0.0296,0.0,0.5937,0.6023,34.5706,34.6476,27.4632,27.527,20.375999999999998,20.951,6.266,6.442,False
1203.5919999999999,2019-10-06 22:48:57,36509.0,1521.151,-106.85132,16.78572,1193.0,3.911,3.8868,32645.0,3.268872,0.0639,0.0172,99.5724,0.0034819000000000004,0.0,0.5934,0.6019,0.0574,0.1198,4.6321,0.0,0.0237,0.0,0.5937,0.6023,34.5705,34.6475,27.4631,27.5268,20.379,20.932,6.267,6.436,False
1204.604,2019-10-06 22:48:57,36583.0,1524.269,-106.85132,16.78572,1194.0,3.9094,3.8854,32644.0,3.268813,0.0639,0.0177,99.5603,0.0029211,0.0,0.5934,0.602,0.0574,0.1211,4.6316,0.0,0.0213,0.0,0.5937,0.6024,34.5706,34.6478,27.4634,27.5272,20.401,20.885,6.273,6.422000000000001,False
1205.615,2019-10-06 22:48:57,36617.0,1525.661,-106.85132,16.78572,1195.0,3.9087,3.8843,32644.0,3.268745,0.0639,0.0168,99.5816,0.0033119,0.0,0.5934,0.6021,0.0574,0.1199,4.6325,0.0,0.0227,0.0,0.5937,0.6024,34.5708,34.6476,27.4636,27.5273,20.396,21.051,6.272,6.473,False
1206.627,2019-10-06 22:48:57,36644.0,1526.805,-106.85132,16.78572,1196.0,3.9085,3.884,32644.0,3.268782,0.0639,0.0168,99.5797,0.0038555,0.0,0.5934,0.6022,0.0574,0.1198,4.6324,0.0,0.0253,0.0,0.5938,0.6026,34.5704,34.6479,27.4633,27.5275,20.783,21.045,6.391,6.471,False
1207.639,2019-10-06 22:48:57,36668.0,1527.8039999999999,-106.85132,16.78572,1197.0,3.9068,3.8826,32643.0,3.2686889999999997,0.0639,0.0168,99.5797,0.0035238,0.0,0.5934,0.602,0.0574,0.1199,4.6325,0.0,0.024,0.0,0.5941,0.6026,34.5708,34.6478,27.4638,27.5276,20.419,20.875,6.278,6.417999999999999,False
1208.651,2019-10-06 22:48:57,36694.0,1528.8629999999998,-106.85132,16.78572,1198.0,3.9069,3.8826,32644.0,3.268732,0.0639,0.0169,99.5789,0.0037747,0.0,0.5934,0.6021,0.0574,0.1198,4.6324,0.0,0.0247,0.0,0.5941,0.6024,34.5709,34.6477,27.4639,27.5275,20.725,21.076,6.372000000000001,6.48,False
1209.663,2019-10-06 22:48:57,36734.0,1530.559,-106.85132,16.78572,1199.0,3.9068,3.8824,32644.0,3.2687459999999997,0.0639,0.0171,99.5741,0.0025973000000000003,0.0,0.5936,0.6023,0.0574,0.1198,4.6322,0.0,0.0197,0.0,0.5942,0.6027,34.5707,34.6476,27.4638,27.5275,20.514,20.939,6.308,6.438,False
1210.674,2019-10-06 22:48:57,36846.0,1535.2020000000002,-106.85132,16.78572,1200.0,3.9068,3.8824,32644.0,3.268781,0.0734,0.017,99.5761,0.0023373,0.0,0.594,0.6025,0.0583,0.1207,4.6323,0.0,0.0187,0.0,0.5946,0.6029,34.5706,34.6475,27.4637,27.5274,20.715999999999998,21.065,6.37,6.477,False
1211.6860000000001,2019-10-06 22:48:57,37628.0,1567.795,-106.85132,16.7857,1201.0,3.9041,3.8801,32642.0,3.268616,0.0649,0.0173,99.568,0.0041369,0.0,0.5946,0.603,0.0575,0.1205,4.6319,0.0,0.0262,0.0,0.595,0.6033,34.5706,34.6474,27.4639,27.5276,20.67,21.208000000000002,6.355,6.52,False
1212.698,2019-10-06 22:48:57,40642.0,1693.3629999999998,-106.85133,16.78566,1202.0,3.9019,3.8777,32641.0,3.268431,0.067,0.0173,99.5696,0.00021337,0.0,0.5946,0.6035,0.0577,0.1221,4.632,0.0,0.0096,0.0,0.595,0.6039,34.5704,34.6473,27.464,27.5277,20.680999999999997,21.249000000000002,6.358,6.5329999999999995,False
1213.71,2019-10-06 22:48:57,41339.0,1722.4,-106.85131000000001,16.78568,1203.0,3.9027,3.8784,32642.0,3.2685470000000003,0.0628,0.0176,99.5628,0.0014437,0.0,0.5946,0.6034,0.0573,0.1222,4.6317,0.0,0.015,0.0,0.595,0.6038,34.5704,34.6474,27.4639,27.5277,20.685,21.301,6.359,6.5489999999999995,False
